ID	M	e_M	logR	e_logR	logL	e_logL	Teff	e_Teff	I_M0	e_I_M0	V_M0	e_V_M0	VI	e_VI	W	e_W
OGLE-SMC-RRLYR-0001	0.595	0.057	0.708	0.020	1.661	0.043	6640	110	0.142	0.089	0.65	0.10	0.490	0.029	-0.613	0.081	
OGLE-SMC-RRLYR-0002	0.581	0.054	0.709	0.021	1.604	0.043	6420	100	0.277	0.089	0.79	0.10	0.532	0.029	-0.560	0.081	
OGLE-SMC-RRLYR-0003	0.648	0.050	0.755	0.019	1.723	0.044	6570	110	-0.006	0.091	0.48	0.11	0.484	0.030	-0.754	0.078	
OGLE-SMC-RRLYR-0008	0.697	0.050	0.767	0.019	1.675	0.042	6270	100	0.096	0.087	0.657	0.099	0.569	0.028	-0.791	0.077	
OGLE-SMC-RRLYR-0009	0.683	0.053	0.785	0.020	1.769	0.042	6470	110	-0.110	0.088	0.418	0.099	0.529	0.029	-0.933	0.083	
OGLE-SMC-RRLYR-0011	0.669	0.051	0.742	0.020	1.697	0.042	6530	100	0.097	0.087	0.601	0.099	0.508	0.029	-0.695	0.079	
OGLE-SMC-RRLYR-0012	0.689	0.051	0.758	0.019	1.709	0.042	6450	100	0.049	0.087	0.571	0.098	0.527	0.028	-0.774	0.078	
OGLE-SMC-RRLYR-0015	0.637	0.058	0.730	0.021	1.687	0.044	6570	110	0.106	0.090	0.59	0.10	0.500	0.030	-0.672	0.084	
OGLE-SMC-RRLYR-0019	0.604	0.054	0.751	0.021	1.678	0.044	6410	100	0.092	0.092	0.62	0.10	0.540	0.029	-0.750	0.083	
OGLE-SMC-RRLYR-0023	0.644	0.058	0.739	0.022	1.685	0.044	6510	110	0.098	0.091	0.63	0.10	0.518	0.029	-0.700	0.085	
OGLE-SMC-RRLYR-0027	0.629	0.052	0.733	0.020	1.692	0.042	6590	100	0.090	0.087	0.609	0.099	0.503	0.028	-0.689	0.079	
OGLE-SMC-RRLYR-0029	0.691	0.056	0.744	0.021	1.697	0.042	6480	110	0.079	0.089	0.61	0.10	0.524	0.031	-0.734	0.084	
OGLE-SMC-RRLYR-0031	0.557	0.058	0.665	0.022	1.608	0.044	6770	120	0.320	0.092	0.76	0.10	0.449	0.032	-0.381	0.088	
OGLE-SMC-RRLYR-0034	0.716	0.059	0.746	0.021	1.715	0.044	6570	110	0.046	0.091	0.55	0.10	0.509	0.029	-0.742	0.085	
OGLE-SMC-RRLYR-0041	0.627	0.052	0.730	0.019	1.670	0.042	6500	100	0.107	0.087	0.649	0.099	0.523	0.028	-0.698	0.078	
OGLE-SMC-RRLYR-0042	0.657	0.051	0.733	0.019	1.695	0.042	6590	100	0.083	0.087	0.596	0.099	0.503	0.028	-0.697	0.078	
OGLE-SMC-RRLYR-0043	0.594	0.052	0.735	0.020	1.746	0.042	6760	110	-0.024	0.088	0.44	0.10	0.460	0.030	-0.739	0.081	
OGLE-SMC-RRLYR-0047	0.721	0.056	0.740	0.020	1.722	0.043	6630	100	0.046	0.089	0.55	0.10	0.496	0.029	-0.724	0.081	
OGLE-SMC-RRLYR-0054	0.679	0.051	0.737	0.019	1.705	0.042	6590	100	0.069	0.087	0.571	0.099	0.501	0.028	-0.710	0.078	
OGLE-SMC-RRLYR-0056	0.606	0.050	0.715	0.019	1.598	0.042	6390	100	0.246	0.088	0.80	0.10	0.552	0.028	-0.602	0.078	
OGLE-SMC-RRLYR-0064	0.644	0.056	0.718	0.020	1.693	0.043	6700	100	0.111	0.088	0.601	0.099	0.480	0.029	-0.633	0.081	
OGLE-SMC-RRLYR-0066	0.626	0.051	0.724	0.019	1.685	0.042	6630	100	0.105	0.087	0.609	0.099	0.496	0.028	-0.666	0.078	
OGLE-SMC-RRLYR-0069	0.711	0.053	0.768	0.020	1.697	0.042	6330	100	0.063	0.088	0.603	0.099	0.552	0.029	-0.799	0.080	
OGLE-SMC-RRLYR-0077	0.683	0.062	0.749	0.023	1.688	0.044	6440	120	0.099	0.091	0.61	0.10	0.527	0.032	-0.727	0.089	
OGLE-SMC-RRLYR-0078	0.744	0.061	0.780	0.022	1.745	0.044	6400	100	-0.062	0.091	0.49	0.10	0.544	0.029	-0.895	0.085	
OGLE-SMC-RRLYR-0082	0.670	0.056	0.774	0.021	1.752	0.043	6490	110	-0.075	0.090	0.45	0.10	0.524	0.031	-0.889	0.087	
OGLE-SMC-RRLYR-0084	0.711	0.060	0.747	0.021	1.717	0.043	6560	100	0.028	0.089	0.55	0.10	0.512	0.029	-0.767	0.084	
OGLE-SMC-RRLYR-0087	0.676	0.056	0.743	0.022	1.678	0.045	6460	100	0.141	0.092	0.65	0.10	0.525	0.029	-0.677	0.085	
OGLE-SMC-RRLYR-0094	0.662	0.056	0.699	0.021	1.657	0.043	6700	110	0.225	0.089	0.70	0.10	0.474	0.030	-0.509	0.082	
OGLE-SMC-RRLYR-0098	0.722	0.051	0.780	0.019	1.770	0.042	6510	100	-0.083	0.087	0.426	0.098	0.515	0.028	-0.889	0.078	
OGLE-SMC-RRLYR-0100	0.718	0.057	0.772	0.022	1.747	0.043	6490	110	-0.026	0.090	0.49	0.10	0.520	0.030	-0.834	0.086	
OGLE-SMC-RRLYR-0101	0.713	0.052	0.770	0.020	1.696	0.042	6320	100	0.073	0.088	0.619	0.099	0.554	0.029	-0.792	0.079	
OGLE-SMC-RRLYR-0103	0.641	0.055	0.714	0.020	1.628	0.043	6460	100	0.228	0.090	0.77	0.10	0.531	0.029	-0.603	0.082	
OGLE-SMC-RRLYR-0107	0.593	0.058	0.720	0.021	1.696	0.044	6700	110	0.120	0.091	0.60	0.10	0.472	0.029	-0.615	0.084	
OGLE-SMC-RRLYR-0108	0.723	0.055	0.767	0.021	1.737	0.042	6490	110	0.001	0.088	0.524	0.099	0.523	0.030	-0.812	0.083	
OGLE-SMC-RRLYR-0112	0.631	0.056	0.755	0.021	1.688	0.043	6400	110	0.057	0.090	0.60	0.10	0.544	0.030	-0.786	0.086	
OGLE-SMC-RRLYR-0114	0.692	0.050	0.775	0.019	1.688	0.042	6270	100	0.076	0.088	0.63	0.10	0.569	0.028	-0.805	0.078	
OGLE-SMC-RRLYR-0121	0.731	0.050	0.787	0.019	1.714	0.042	6280	100	0.000	0.087	0.577	0.098	0.573	0.028	-0.879	0.078	
OGLE-SMC-RRLYR-0123	0.572	0.055	0.698	0.021	1.586	0.045	6460	100	0.335	0.093	0.86	0.10	0.530	0.029	-0.485	0.083	
OGLE-SMC-RRLYR-0128	0.762	0.054	0.778	0.020	1.701	0.042	6280	110	0.030	0.089	0.61	0.10	0.574	0.030	-0.847	0.081	
OGLE-SMC-RRLYR-0134	0.638	0.054	0.733	0.020	1.705	0.042	6630	100	0.065	0.088	0.569	0.099	0.493	0.029	-0.698	0.080	
OGLE-SMC-RRLYR-0135	0.663	0.056	0.754	0.021	1.704	0.043	6490	110	0.051	0.090	0.58	0.10	0.527	0.030	-0.755	0.084	
OGLE-SMC-RRLYR-0137	0.732	0.057	0.797	0.022	1.716	0.043	6190	120	-0.027	0.088	0.56	0.10	0.591	0.032	-0.936	0.083	
OGLE-SMC-RRLYR-0142	0.638	0.052	0.718	0.020	1.620	0.042	6440	100	0.271	0.088	0.791	0.099	0.530	0.028	-0.557	0.079	
OGLE-SMC-RRLYR-0143	0.689	0.057	0.753	0.021	1.677	0.042	6380	110	0.109	0.089	0.67	0.10	0.551	0.029	-0.730	0.083	
OGLE-SMC-RRLYR-0155	0.587	0.056	0.706	0.021	1.665	0.042	6660	110	0.142	0.089	0.642	0.099	0.486	0.030	-0.611	0.082	
OGLE-SMC-RRLYR-0157	0.564	0.062	0.701	0.023	1.573	0.047	6350	100	0.312	0.097	0.87	0.11	0.555	0.029	-0.545	0.091	
OGLE-SMC-RRLYR-0171	0.602	0.057	0.702	0.021	1.627	0.043	6560	110	0.258	0.089	0.75	0.10	0.503	0.029	-0.528	0.082	
OGLE-SMC-RRLYR-0172	0.575	0.056	0.722	0.020	1.682	0.043	6610	100	0.078	0.089	0.59	0.10	0.497	0.029	-0.689	0.082	
OGLE-SMC-RRLYR-0186	0.593	0.053	0.734	0.020	1.710	0.042	6640	100	0.058	0.088	0.551	0.099	0.485	0.029	-0.699	0.080	
OGLE-SMC-RRLYR-0189	0.704	0.052	0.758	0.020	1.692	0.043	6380	100	0.064	0.090	0.61	0.10	0.547	0.029	-0.783	0.081	
OGLE-SMC-RRLYR-0191	0.659	0.051	0.749	0.019	1.652	0.043	6320	100	0.148	0.089	0.69	0.10	0.557	0.028	-0.724	0.078	
OGLE-SMC-RRLYR-0195	0.726	0.056	0.765	0.021	1.725	0.043	6440	100	0.003	0.089	0.54	0.10	0.533	0.028	-0.815	0.082	
OGLE-SMC-RRLYR-0196	0.731	0.052	0.764	0.020	1.729	0.042	6470	100	0.002	0.088	0.530	0.099	0.529	0.028	-0.825	0.079	
OGLE-SMC-RRLYR-0197	0.711	0.061	0.764	0.021	1.785	0.044	6680	100	-0.088	0.092	0.40	0.10	0.481	0.029	-0.836	0.087	
OGLE-SMC-RRLYR-0198	0.710	0.059	0.772	0.021	1.723	0.043	6400	110	-0.020	0.089	0.535	0.099	0.544	0.030	-0.861	0.086	
OGLE-SMC-RRLYR-0199	0.769	0.061	0.767	0.023	1.715	0.044	6400	110	0.039	0.094	0.58	0.10	0.545	0.031	-0.816	0.093	
OGLE-SMC-RRLYR-0205	0.691	0.054	0.740	0.020	1.730	0.042	6660	100	0.030	0.088	0.53	0.10	0.488	0.028	-0.728	0.080	
OGLE-SMC-RRLYR-0212	0.660	0.051	0.738	0.019	1.696	0.042	6550	100	0.098	0.087	0.608	0.098	0.507	0.028	-0.690	0.078	
OGLE-SMC-RRLYR-0214	0.571	0.056	0.754	0.021	1.753	0.043	6640	110	-0.071	0.091	0.41	0.10	0.487	0.030	-0.822	0.086	
OGLE-SMC-RRLYR-0225	0.652	0.061	0.742	0.022	1.780	0.044	6830	110	-0.062	0.091	0.40	0.10	0.446	0.030	-0.757	0.088	
OGLE-SMC-RRLYR-0230	0.740	0.053	0.768	0.020	1.716	0.042	6390	100	0.021	0.088	0.571	0.099	0.545	0.029	-0.820	0.080	
OGLE-SMC-RRLYR-0237	0.589	0.061	0.713	0.021	1.669	0.044	6620	100	0.132	0.091	0.64	0.10	0.494	0.029	-0.634	0.085	
OGLE-SMC-RRLYR-0238	0.639	0.055	0.782	0.021	1.783	0.043	6550	110	-0.156	0.089	0.36	0.10	0.513	0.031	-0.952	0.085	
OGLE-SMC-RRLYR-0241	0.657	0.058	0.732	0.021	1.622	0.043	6340	100	0.220	0.091	0.78	0.10	0.562	0.029	-0.649	0.083	
OGLE-SMC-RRLYR-0252	0.625	0.055	0.714	0.021	1.636	0.044	6490	100	0.207	0.091	0.73	0.10	0.523	0.029	-0.609	0.083	
OGLE-SMC-RRLYR-0255	0.696	0.055	0.758	0.020	1.728	0.043	6520	110	0.034	0.089	0.54	0.10	0.510	0.029	-0.759	0.082	
OGLE-SMC-RRLYR-0257	0.684	0.058	0.743	0.022	1.693	0.044	6490	110	0.080	0.091	0.59	0.10	0.521	0.030	-0.728	0.085	
OGLE-SMC-RRLYR-0258	0.673	0.054	0.729	0.020	1.675	0.043	6520	110	0.137	0.089	0.64	0.10	0.514	0.029	-0.667	0.082	
OGLE-SMC-RRLYR-0259	0.730	0.054	0.773	0.021	1.693	0.042	6290	110	0.061	0.088	0.617	0.099	0.567	0.030	-0.815	0.081	
OGLE-SMC-RRLYR-0264	0.601	0.055	0.704	0.022	1.640	0.044	6590	110	0.179	0.093	0.68	0.10	0.492	0.030	-0.582	0.085	
OGLE-SMC-RRLYR-0267	0.713	0.058	0.730	0.022	1.637	0.043	6400	110	0.232	0.090	0.77	0.10	0.545	0.030	-0.618	0.086	
OGLE-SMC-RRLYR-0269	0.660	0.054	0.751	0.021	1.742	0.042	6620	110	0.000	0.088	0.504	0.099	0.490	0.029	-0.758	0.082	
OGLE-SMC-RRLYR-0278	0.719	0.051	0.802	0.019	1.811	0.042	6510	100	-0.203	0.088	0.318	0.099	0.521	0.029	-1.011	0.079	
OGLE-SMC-RRLYR-0286	0.721	0.060	0.749	0.022	1.688	0.044	6430	110	0.112	0.090	0.64	0.10	0.536	0.029	-0.724	0.085	
OGLE-SMC-RRLYR-0287	0.645	0.058	0.716	0.022	1.667	0.046	6610	110	0.140	0.097	0.63	0.11	0.481	0.030	-0.616	0.086	
OGLE-SMC-RRLYR-0290	0.730	0.053	0.759	0.020	1.688	0.042	6340	100	0.052	0.087	0.635	0.099	0.562	0.029	-0.812	0.079	
OGLE-SMC-RRLYR-0294	0.723	0.055	0.794	0.021	1.753	0.043	6350	100	-0.070	0.089	0.47	0.10	0.547	0.029	-0.917	0.082	
OGLE-SMC-RRLYR-0299	0.646	0.060	0.761	0.023	1.750	0.043	6590	120	-0.059	0.092	0.45	0.10	0.503	0.031	-0.842	0.092	
OGLE-SMC-RRLYR-0306	0.671	0.053	0.753	0.020	1.671	0.043	6350	100	0.107	0.089	0.66	0.10	0.554	0.029	-0.753	0.081	
OGLE-SMC-RRLYR-0308	0.585	0.056	0.698	0.021	1.651	0.043	6660	110	0.186	0.089	0.68	0.10	0.483	0.029	-0.564	0.082	
OGLE-SMC-RRLYR-0311	0.668	0.055	0.741	0.021	1.666	0.043	6410	110	0.119	0.090	0.66	0.10	0.537	0.030	-0.717	0.083	
OGLE-SMC-RRLYR-0314	0.713	0.054	0.755	0.020	1.729	0.042	6540	100	0.022	0.088	0.528	0.099	0.510	0.029	-0.773	0.082	
OGLE-SMC-RRLYR-0324	0.638	0.053	0.737	0.020	1.691	0.042	6530	110	0.098	0.089	0.61	0.10	0.506	0.029	-0.688	0.081	
OGLE-SMC-RRLYR-0330	0.642	0.056	0.721	0.021	1.678	0.043	6600	100	0.124	0.090	0.60	0.10	0.493	0.029	-0.641	0.083	
OGLE-SMC-RRLYR-0334	0.716	0.053	0.800	0.020	1.755	0.043	6290	100	-0.092	0.089	0.46	0.10	0.560	0.029	-0.977	0.081	
OGLE-SMC-RRLYR-0335	0.582	0.053	0.701	0.021	1.579	0.044	6390	110	0.271	0.091	0.83	0.10	0.553	0.029	-0.585	0.081	
OGLE-SMC-RRLYR-0338	0.642	0.060	0.726	0.022	1.692	0.044	6600	110	0.095	0.092	0.60	0.10	0.497	0.029	-0.676	0.087	
OGLE-SMC-RRLYR-0343	0.741	0.051	0.765	0.020	1.654	0.042	6210	100	0.128	0.088	0.73	0.10	0.595	0.029	-0.788	0.079	
OGLE-SMC-RRLYR-0344	0.711	0.053	0.765	0.021	1.686	0.044	6350	100	0.070	0.091	0.63	0.10	0.561	0.029	-0.788	0.082	
OGLE-SMC-RRLYR-0345	0.653	0.059	0.730	0.021	1.707	0.044	6660	110	0.066	0.091	0.56	0.10	0.488	0.029	-0.688	0.086	
OGLE-SMC-RRLYR-0346	0.609	0.054	0.713	0.020	1.667	0.043	6610	100	0.134	0.090	0.64	0.10	0.495	0.029	-0.636	0.082	
OGLE-SMC-RRLYR-0347	0.666	0.060	0.747	0.022	1.695	0.044	6500	110	0.099	0.091	0.61	0.10	0.517	0.030	-0.703	0.088	
OGLE-SMC-RRLYR-0350	0.667	0.056	0.731	0.021	1.689	0.044	6550	110	0.101	0.091	0.60	0.10	0.502	0.030	-0.689	0.083	
OGLE-SMC-RRLYR-0352	0.590	0.056	0.710	0.020	1.686	0.043	6730	100	0.110	0.089	0.58	0.10	0.469	0.029	-0.616	0.082	
OGLE-SMC-RRLYR-0354	0.589	0.062	0.711	0.022	1.700	0.044	6770	110	0.087	0.091	0.56	0.10	0.462	0.030	-0.632	0.087	
OGLE-SMC-RRLYR-0355	0.648	0.054	0.761	0.021	1.684	0.047	6350	110	0.075	0.095	0.61	0.11	0.539	0.031	-0.772	0.082	
OGLE-SMC-RRLYR-0356	0.701	0.057	0.758	0.021	1.701	0.043	6400	110	0.040	0.090	0.59	0.10	0.543	0.030	-0.796	0.083	
OGLE-SMC-RRLYR-0365	0.749	0.055	0.779	0.020	1.749	0.042	6440	110	-0.024	0.088	0.507	0.099	0.529	0.029	-0.847	0.081	
OGLE-SMC-RRLYR-0367	0.678	0.056	0.747	0.022	1.707	0.044	6510	100	0.051	0.091	0.56	0.10	0.517	0.029	-0.746	0.083	
OGLE-SMC-RRLYR-0371	0.540	0.066	0.710	0.023	1.654	0.046	6600	110	0.154	0.095	0.67	0.11	0.497	0.030	-0.616	0.091	
OGLE-SMC-RRLYR-0373	0.654	0.056	0.757	0.020	1.727	0.043	6530	110	0.013	0.089	0.53	0.10	0.513	0.029	-0.785	0.082	
OGLE-SMC-RRLYR-0374	0.663	0.058	0.745	0.021	1.683	0.043	6460	110	0.087	0.089	0.635	0.099	0.534	0.029	-0.740	0.082	
OGLE-SMC-RRLYR-0375	0.761	0.059	0.762	0.021	1.768	0.044	6630	110	-0.031	0.089	0.46	0.10	0.489	0.029	-0.799	0.083	
OGLE-SMC-RRLYR-0377	0.636	0.063	0.731	0.022	1.692	0.045	6570	110	0.066	0.093	0.59	0.10	0.507	0.029	-0.711	0.088	
OGLE-SMC-RRLYR-0382	0.657	0.053	0.756	0.021	1.712	0.042	6490	100	0.037	0.089	0.557	0.099	0.519	0.029	-0.763	0.081	
OGLE-SMC-RRLYR-0390	0.701	0.059	0.780	0.022	1.756	0.043	6450	110	-0.064	0.090	0.46	0.10	0.528	0.030	-0.887	0.087	
OGLE-SMC-RRLYR-0391	0.732	0.052	0.780	0.020	1.702	0.043	6270	100	0.040	0.089	0.59	0.10	0.566	0.028	-0.843	0.080	
OGLE-SMC-RRLYR-0398	0.643	0.061	0.760	0.023	1.759	0.043	6620	120	-0.070	0.091	0.430	0.099	0.494	0.031	-0.837	0.090	
OGLE-SMC-RRLYR-0404	0.671	0.057	0.770	0.021	1.751	0.044	6520	110	-0.068	0.090	0.44	0.10	0.519	0.031	-0.876	0.087	
OGLE-SMC-RRLYR-0416	0.586	0.052	0.742	0.020	1.735	0.042	6670	110	-0.026	0.088	0.464	0.099	0.487	0.029	-0.783	0.081	
OGLE-SMC-RRLYR-0422	0.629	0.058	0.736	0.022	1.685	0.043	6520	110	0.092	0.090	0.60	0.10	0.513	0.030	-0.705	0.086	
OGLE-SMC-RRLYR-0427	0.691	0.059	0.739	0.021	1.726	0.044	6650	100	0.053	0.089	0.54	0.10	0.484	0.029	-0.701	0.082	
OGLE-SMC-RRLYR-0435	0.732	0.054	0.800	0.021	1.751	0.043	6300	100	-0.078	0.090	0.47	0.10	0.561	0.029	-0.955	0.081	
OGLE-SMC-RRLYR-0448	0.708	0.058	0.764	0.021	1.743	0.044	6520	110	-0.016	0.090	0.51	0.10	0.516	0.029	-0.815	0.085	
OGLE-SMC-RRLYR-0450	0.617	0.058	0.727	0.022	1.667	0.043	6520	110	0.151	0.090	0.66	0.10	0.512	0.030	-0.646	0.086	
OGLE-SMC-RRLYR-0463	0.796	0.058	0.774	0.021	1.769	0.043	6540	100	-0.060	0.090	0.46	0.10	0.515	0.029	-0.863	0.083	
OGLE-SMC-RRLYR-0471	0.609	0.059	0.731	0.022	1.696	0.043	6600	110	0.068	0.091	0.57	0.10	0.495	0.030	-0.702	0.088	
OGLE-SMC-RRLYR-0475	0.723	0.052	0.771	0.020	1.709	0.042	6370	100	0.042	0.088	0.586	0.099	0.548	0.029	-0.802	0.080	
OGLE-SMC-RRLYR-0477	0.679	0.056	0.749	0.021	1.690	0.043	6430	110	0.076	0.089	0.60	0.10	0.535	0.030	-0.759	0.084	
OGLE-SMC-RRLYR-0481	0.743	0.052	0.793	0.020	1.715	0.043	6230	100	0.009	0.089	0.58	0.10	0.576	0.028	-0.883	0.079	
OGLE-SMC-RRLYR-0485	0.534	0.057	0.713	0.022	1.660	0.044	6600	100	0.144	0.091	0.64	0.10	0.495	0.029	-0.624	0.085	
OGLE-SMC-RRLYR-0490	0.661	0.058	0.749	0.021	1.713	0.043	6530	110	0.034	0.089	0.555	0.099	0.513	0.030	-0.761	0.084	
OGLE-SMC-RRLYR-0493	0.682	0.056	0.759	0.022	1.698	0.043	6380	110	0.049	0.090	0.57	0.10	0.542	0.030	-0.801	0.085	
OGLE-SMC-RRLYR-0496	0.635	0.059	0.775	0.023	1.752	0.044	6460	110	-0.086	0.093	0.43	0.10	0.526	0.030	-0.910	0.090	
OGLE-SMC-RRLYR-0505	0.659	0.054	0.761	0.020	1.717	0.042	6450	100	0.002	0.089	0.531	0.099	0.528	0.029	-0.818	0.082	
OGLE-SMC-RRLYR-0509	0.712	0.057	0.757	0.021	1.700	0.043	6420	110	0.082	0.090	0.61	0.10	0.535	0.030	-0.754	0.085	
OGLE-SMC-RRLYR-0517	0.628	0.059	0.734	0.021	1.697	0.043	6570	110	0.055	0.090	0.58	0.10	0.506	0.029	-0.715	0.085	
OGLE-SMC-RRLYR-0518	0.717	0.051	0.805	0.020	1.733	0.043	6210	110	-0.062	0.089	0.51	0.10	0.582	0.029	-0.973	0.079	
OGLE-SMC-RRLYR-0520	0.659	0.056	0.733	0.020	1.659	0.042	6430	110	0.119	0.089	0.680	0.099	0.543	0.029	-0.721	0.082	
OGLE-SMC-RRLYR-0536	0.594	0.057	0.754	0.022	1.755	0.043	6650	110	-0.060	0.090	0.43	0.10	0.482	0.030	-0.804	0.086	
OGLE-SMC-RRLYR-0538	0.639	0.054	0.754	0.020	1.682	0.043	6390	110	0.100	0.089	0.63	0.10	0.537	0.029	-0.738	0.081	
OGLE-SMC-RRLYR-0543	0.657	0.062	0.721	0.022	1.702	0.044	6700	110	0.094	0.092	0.58	0.10	0.478	0.030	-0.649	0.090	
OGLE-SMC-RRLYR-0544	0.691	0.060	0.758	0.023	1.689	0.045	6370	110	0.079	0.091	0.61	0.10	0.546	0.031	-0.774	0.087	
OGLE-SMC-RRLYR-0549	0.688	0.063	0.747	0.022	1.686	0.043	6430	110	0.066	0.091	0.62	0.10	0.538	0.030	-0.762	0.087	
OGLE-SMC-RRLYR-0550	0.621	0.058	0.730	0.021	1.691	0.043	6570	110	0.079	0.090	0.59	0.10	0.505	0.029	-0.705	0.085	
OGLE-SMC-RRLYR-0552	0.610	0.059	0.716	0.022	1.631	0.043	6480	110	0.236	0.090	0.75	0.10	0.520	0.030	-0.576	0.085	
OGLE-SMC-RRLYR-0558	0.702	0.059	0.799	0.022	1.806	0.044	6510	110	-0.195	0.092	0.34	0.10	0.526	0.031	-1.012	0.089	
OGLE-SMC-RRLYR-0565	0.662	0.061	0.743	0.023	1.689	0.044	6500	120	0.106	0.092	0.61	0.10	0.519	0.031	-0.705	0.092	
OGLE-SMC-RRLYR-0603	0.709	0.055	0.801	0.021	1.820	0.043	6530	100	-0.242	0.090	0.28	0.10	0.511	0.029	-1.020	0.083	
OGLE-SMC-RRLYR-0604	0.658	0.056	0.740	0.020	1.694	0.043	6510	100	0.067	0.088	0.60	0.10	0.517	0.029	-0.726	0.081	
OGLE-SMC-RRLYR-0605	0.566	0.053	0.721	0.020	1.605	0.044	6350	100	0.237	0.091	0.78	0.10	0.549	0.029	-0.627	0.080	
OGLE-SMC-RRLYR-0610	0.579	0.063	0.701	0.022	1.658	0.044	6700	110	0.171	0.091	0.66	0.10	0.480	0.029	-0.572	0.087	
OGLE-SMC-RRLYR-0612	0.626	0.061	0.716	0.022	1.695	0.044	6710	110	0.109	0.091	0.59	0.10	0.473	0.031	-0.625	0.088	
OGLE-SMC-RRLYR-0623	0.599	0.054	0.706	0.021	1.605	0.043	6460	100	0.255	0.090	0.79	0.10	0.536	0.029	-0.568	0.082	
OGLE-SMC-RRLYR-0633	0.645	0.059	0.722	0.021	1.663	0.044	6550	110	0.151	0.090	0.66	0.10	0.512	0.030	-0.646	0.084	
OGLE-SMC-RRLYR-0644	0.675	0.063	0.758	0.023	1.706	0.045	6430	120	0.032	0.093	0.56	0.10	0.534	0.032	-0.792	0.091	
OGLE-SMC-RRLYR-0650	0.723	0.055	0.775	0.020	1.717	0.043	6350	110	0.023	0.089	0.56	0.10	0.546	0.030	-0.827	0.081	
OGLE-SMC-RRLYR-0651	0.713	0.062	0.759	0.022	1.718	0.045	6480	110	0.010	0.093	0.55	0.10	0.531	0.030	-0.814	0.090	
OGLE-SMC-RRLYR-0662	0.653	0.059	0.768	0.022	1.752	0.043	6530	110	-0.062	0.090	0.44	0.10	0.506	0.030	-0.855	0.087	
OGLE-SMC-RRLYR-0669	0.582	0.055	0.719	0.020	1.632	0.045	6530	110	0.195	0.094	0.72	0.11	0.518	0.031	-0.607	0.083	
OGLE-SMC-RRLYR-0680	0.667	0.056	0.742	0.021	1.651	0.043	6350	110	0.137	0.091	0.70	0.10	0.560	0.030	-0.729	0.084	
OGLE-SMC-RRLYR-0683	0.613	0.059	0.725	0.021	1.675	0.043	6580	100	0.127	0.089	0.63	0.10	0.503	0.029	-0.649	0.083	
OGLE-SMC-RRLYR-0686	0.723	0.053	0.780	0.021	1.691	0.043	6250	100	0.061	0.089	0.64	0.10	0.582	0.029	-0.831	0.082	
OGLE-SMC-RRLYR-0696	0.718	0.053	0.772	0.021	1.715	0.042	6390	100	0.039	0.089	0.566	0.099	0.541	0.029	-0.802	0.081	
OGLE-SMC-RRLYR-0698	0.679	0.059	0.739	0.021	1.697	0.044	6550	110	0.076	0.091	0.58	0.10	0.509	0.029	-0.715	0.087	
OGLE-SMC-RRLYR-0700	0.643	0.056	0.736	0.020	1.688	0.043	6530	110	0.089	0.089	0.61	0.10	0.514	0.030	-0.702	0.081	
OGLE-SMC-RRLYR-0709	0.640	0.061	0.726	0.022	1.672	0.043	6550	110	0.158	0.090	0.66	0.10	0.506	0.030	-0.631	0.086	
OGLE-SMC-RRLYR-0726	0.651	0.055	0.736	0.021	1.716	0.042	6640	110	0.042	0.089	0.546	0.099	0.491	0.029	-0.717	0.083	
OGLE-SMC-RRLYR-0727	0.667	0.055	0.717	0.021	1.597	0.043	6330	110	0.310	0.090	0.85	0.10	0.554	0.029	-0.553	0.084	
OGLE-SMC-RRLYR-0731	0.644	0.058	0.734	0.021	1.700	0.044	6580	110	0.064	0.091	0.58	0.10	0.503	0.030	-0.714	0.085	
OGLE-SMC-RRLYR-0738	0.697	0.060	0.754	0.021	1.737	0.044	6570	110	0.002	0.090	0.50	0.10	0.504	0.029	-0.776	0.084	
OGLE-SMC-RRLYR-0749	0.673	0.052	0.761	0.020	1.648	0.045	6260	100	0.132	0.094	0.71	0.11	0.582	0.029	-0.764	0.080	
OGLE-SMC-RRLYR-0754	0.721	0.058	0.767	0.022	1.692	0.043	6320	110	0.042	0.090	0.61	0.10	0.566	0.030	-0.825	0.085	
OGLE-SMC-RRLYR-0757	0.727	0.055	0.783	0.020	1.761	0.042	6460	110	-0.075	0.088	0.467	0.099	0.531	0.029	-0.897	0.082	
OGLE-SMC-RRLYR-0758	0.649	0.056	0.728	0.020	1.681	0.043	6580	110	0.107	0.089	0.619	0.099	0.506	0.030	-0.679	0.083	
OGLE-SMC-RRLYR-0770	0.749	0.050	0.834	0.019	1.821	0.042	6323	99	-0.237	0.087	0.308	0.099	0.553	0.028	-1.098	0.077	
OGLE-SMC-RRLYR-0771	0.711	0.057	0.773	0.020	1.721	0.042	6390	110	0.014	0.088	0.557	0.099	0.541	0.030	-0.823	0.081	
OGLE-SMC-RRLYR-0779	0.701	0.052	0.800	0.020	1.744	0.043	6260	100	-0.090	0.090	0.47	0.10	0.572	0.028	-0.976	0.081	
OGLE-SMC-RRLYR-0781	0.771	0.056	0.827	0.021	1.821	0.043	6330	110	-0.245	0.091	0.32	0.10	0.559	0.029	-1.112	0.085	
OGLE-SMC-RRLYR-0782	0.688	0.058	0.737	0.021	1.731	0.043	6680	100	0.028	0.090	0.52	0.10	0.482	0.029	-0.721	0.084	
OGLE-SMC-RRLYR-0783	0.761	0.051	0.792	0.019	1.728	0.042	6260	100	-0.033	0.087	0.539	0.099	0.575	0.028	-0.931	0.078	
OGLE-SMC-RRLYR-0784	0.742	0.052	0.806	0.020	1.733	0.042	6200	100	-0.073	0.088	0.53	0.10	0.597	0.029	-0.989	0.080	
OGLE-SMC-RRLYR-0794	0.639	0.058	0.734	0.021	1.715	0.043	6660	110	0.059	0.089	0.553	0.099	0.484	0.030	-0.693	0.083	
OGLE-SMC-RRLYR-0795	0.688	0.056	0.757	0.021	1.745	0.043	6590	110	-0.009	0.089	0.493	0.099	0.498	0.030	-0.785	0.084	
OGLE-SMC-RRLYR-0796	0.547	0.052	0.692	0.019	1.661	0.042	6750	100	0.159	0.087	0.638	0.099	0.463	0.028	-0.558	0.079	
OGLE-SMC-RRLYR-0797	0.715	0.056	0.744	0.021	1.688	0.044	6460	110	0.102	0.090	0.61	0.10	0.528	0.029	-0.719	0.082	
OGLE-SMC-RRLYR-0809	0.633	0.057	0.739	0.021	1.682	0.043	6500	110	0.114	0.091	0.63	0.10	0.517	0.030	-0.687	0.085	
OGLE-SMC-RRLYR-0810	0.682	0.059	0.755	0.022	1.730	0.043	6540	110	0.012	0.089	0.522	0.099	0.508	0.030	-0.781	0.086	
OGLE-SMC-RRLYR-0811	0.624	0.057	0.739	0.021	1.667	0.043	6440	110	0.129	0.089	0.64	0.10	0.528	0.029	-0.695	0.082	
OGLE-SMC-RRLYR-0814	0.691	0.055	0.750	0.021	1.691	0.043	6440	110	0.063	0.089	0.602	0.099	0.534	0.029	-0.769	0.084	
OGLE-SMC-RRLYR-0820	0.693	0.062	0.761	0.024	1.717	0.044	6450	110	0.019	0.093	0.54	0.10	0.527	0.029	-0.794	0.089	
OGLE-SMC-RRLYR-0822	0.614	0.053	0.754	0.021	1.712	0.045	6540	110	-0.003	0.094	0.49	0.11	0.493	0.030	-0.774	0.082	
OGLE-SMC-RRLYR-0825	0.575	0.056	0.707	0.021	1.657	0.043	6620	100	0.158	0.089	0.66	0.10	0.491	0.029	-0.601	0.082	
OGLE-SMC-RRLYR-0833	0.607	0.058	0.720	0.021	1.662	0.043	6570	110	0.133	0.088	0.653	0.099	0.501	0.030	-0.646	0.082	
OGLE-SMC-RRLYR-0836	0.561	0.052	0.697	0.020	1.647	0.042	6690	110	0.187	0.088	0.67	0.10	0.480	0.029	-0.552	0.080	
OGLE-SMC-RRLYR-0840	0.716	0.060	0.781	0.022	1.743	0.043	6400	110	-0.042	0.090	0.505	0.099	0.542	0.031	-0.888	0.089	
OGLE-SMC-RRLYR-0847	0.787	0.058	0.792	0.022	1.783	0.043	6460	110	-0.090	0.091	0.43	0.10	0.524	0.030	-0.905	0.086	
OGLE-SMC-RRLYR-0860	0.667	0.057	0.755	0.021	1.708	0.043	6470	110	0.055	0.090	0.58	0.10	0.523	0.029	-0.762	0.084	
OGLE-SMC-RRLYR-0870	0.639	0.061	0.723	0.022	1.647	0.044	6490	110	0.207	0.092	0.72	0.10	0.520	0.030	-0.604	0.088	
OGLE-SMC-RRLYR-0879	0.564	0.053	0.732	0.020	1.668	0.042	6510	100	0.096	0.088	0.635	0.099	0.523	0.029	-0.713	0.080	
OGLE-SMC-RRLYR-0880	0.656	0.060	0.755	0.022	1.763	0.043	6670	110	-0.065	0.091	0.42	0.10	0.484	0.030	-0.816	0.089	
OGLE-SMC-RRLYR-0881	0.758	0.054	0.798	0.020	1.812	0.042	6520	100	-0.175	0.088	0.344	0.099	0.516	0.029	-0.979	0.082	
OGLE-SMC-RRLYR-0884	0.585	0.058	0.718	0.022	1.696	0.043	6700	110	0.091	0.089	0.58	0.10	0.474	0.030	-0.643	0.085	
OGLE-SMC-RRLYR-0888	0.743	0.056	0.768	0.021	1.706	0.045	6350	110	0.051	0.091	0.59	0.10	0.551	0.029	-0.813	0.083	
OGLE-SMC-RRLYR-0891	0.704	0.058	0.761	0.022	1.698	0.045	6390	100	0.062	0.093	0.61	0.10	0.541	0.029	-0.768	0.087	
OGLE-SMC-RRLYR-0912	0.636	0.055	0.719	0.021	1.623	0.045	6460	100	0.220	0.095	0.75	0.11	0.523	0.029	-0.592	0.083	
OGLE-SMC-RRLYR-0913	0.641	0.060	0.723	0.021	1.659	0.044	6540	110	0.145	0.091	0.67	0.10	0.517	0.029	-0.656	0.085	
OGLE-SMC-RRLYR-0914	0.671	0.058	0.746	0.022	1.714	0.043	6550	110	0.049	0.089	0.55	0.10	0.505	0.029	-0.731	0.083	
OGLE-SMC-RRLYR-0917	0.671	0.064	0.739	0.024	1.699	0.045	6550	110	0.094	0.094	0.60	0.10	0.507	0.030	-0.697	0.093	
OGLE-SMC-RRLYR-0926	0.670	0.056	0.737	0.021	1.694	0.044	6570	110	0.143	0.092	0.64	0.10	0.498	0.030	-0.632	0.084	
OGLE-SMC-RRLYR-0927	0.692	0.055	0.757	0.022	1.667	0.044	6310	110	0.098	0.092	0.67	0.10	0.570	0.029	-0.784	0.084	
OGLE-SMC-RRLYR-0933	0.701	0.052	0.755	0.020	1.711	0.042	6470	100	0.037	0.088	0.574	0.099	0.527	0.028	-0.773	0.079	
OGLE-SMC-RRLYR-0934	0.633	0.060	0.715	0.021	1.647	0.044	6550	110	0.222	0.090	0.72	0.10	0.507	0.029	-0.567	0.084	
OGLE-SMC-RRLYR-0948	0.725	0.055	0.770	0.021	1.721	0.042	6400	110	0.008	0.089	0.552	0.099	0.540	0.029	-0.834	0.084	
OGLE-SMC-RRLYR-0953	0.701	0.053	0.751	0.020	1.710	0.042	6510	100	0.065	0.088	0.58	0.10	0.514	0.028	-0.727	0.080	
OGLE-SMC-RRLYR-0954	0.726	0.052	0.793	0.020	1.742	0.044	6320	100	-0.023	0.090	0.51	0.10	0.549	0.029	-0.884	0.079	
OGLE-SMC-RRLYR-0967	0.568	0.056	0.732	0.021	1.709	0.043	6620	110	0.008	0.090	0.52	0.10	0.494	0.029	-0.758	0.084	
OGLE-SMC-RRLYR-0968	0.664	0.058	0.744	0.021	1.709	0.043	6560	110	0.068	0.090	0.58	0.10	0.504	0.029	-0.714	0.085	
OGLE-SMC-RRLYR-0980	0.694	0.053	0.730	0.020	1.622	0.044	6320	110	0.215	0.091	0.79	0.10	0.565	0.030	-0.663	0.081	
OGLE-SMC-RRLYR-0981	0.632	0.055	0.761	0.020	1.758	0.042	6600	100	-0.076	0.089	0.435	0.099	0.498	0.029	-0.843	0.082	
OGLE-SMC-RRLYR-0995	0.695	0.056	0.757	0.021	1.709	0.042	6460	110	0.051	0.089	0.57	0.10	0.526	0.030	-0.765	0.083	
OGLE-SMC-RRLYR-0996	0.562	0.056	0.734	0.021	1.703	0.042	6620	110	0.033	0.089	0.536	0.099	0.495	0.030	-0.736	0.085	
OGLE-SMC-RRLYR-0997	0.718	0.057	0.775	0.022	1.705	0.044	6340	120	0.029	0.091	0.58	0.10	0.555	0.031	-0.825	0.086	
OGLE-SMC-RRLYR-1000	0.580	0.059	0.699	0.021	1.635	0.043	6600	110	0.206	0.090	0.72	0.10	0.499	0.029	-0.566	0.084	
OGLE-SMC-RRLYR-1006	0.620	0.054	0.736	0.020	1.646	0.043	6410	110	0.160	0.091	0.70	0.10	0.540	0.029	-0.676	0.084	
OGLE-SMC-RRLYR-1007	0.664	0.057	0.748	0.021	1.685	0.043	6420	110	0.068	0.090	0.61	0.10	0.537	0.029	-0.759	0.084	
OGLE-SMC-RRLYR-1008	0.704	0.063	0.769	0.025	1.722	0.046	6400	110	-0.017	0.097	0.53	0.11	0.538	0.031	-0.853	0.094	
OGLE-SMC-RRLYR-1013	0.599	0.056	0.727	0.020	1.705	0.043	6670	110	0.061	0.089	0.56	0.10	0.483	0.029	-0.689	0.082	
OGLE-SMC-RRLYR-1017	0.702	0.054	0.767	0.021	1.703	0.043	6360	100	0.061	0.090	0.59	0.10	0.544	0.028	-0.790	0.082	
OGLE-SMC-RRLYR-1026	0.646	0.063	0.736	0.023	1.683	0.045	6500	110	0.088	0.093	0.62	0.10	0.523	0.030	-0.721	0.089	
OGLE-SMC-RRLYR-1027	0.632	0.057	0.738	0.021	1.693	0.044	6540	110	0.096	0.092	0.61	0.10	0.504	0.029	-0.683	0.085	
OGLE-SMC-RRLYR-1029	0.733	0.058	0.770	0.022	1.709	0.045	6350	110	0.039	0.092	0.57	0.11	0.550	0.030	-0.819	0.085	
OGLE-SMC-RRLYR-1034	0.665	0.057	0.774	0.021	1.735	0.043	6430	110	-0.044	0.090	0.504	0.099	0.538	0.030	-0.872	0.087	
OGLE-SMC-RRLYR-1036	0.671	0.059	0.764	0.023	1.707	0.044	6390	110	0.015	0.092	0.56	0.10	0.545	0.031	-0.835	0.092	
OGLE-SMC-RRLYR-1040	0.753	0.058	0.791	0.022	1.731	0.047	6270	100	-0.073	0.097	0.49	0.11	0.566	0.029	-0.947	0.089	
OGLE-SMC-RRLYR-1049	0.665	0.053	0.744	0.020	1.695	0.043	6490	100	0.082	0.090	0.60	0.10	0.520	0.028	-0.730	0.080	
OGLE-SMC-RRLYR-1050	0.672	0.059	0.722	0.022	1.659	0.044	6530	110	0.223	0.092	0.72	0.10	0.508	0.030	-0.578	0.087	
OGLE-SMC-RRLYR-1056	0.667	0.052	0.779	0.020	1.746	0.042	6420	100	-0.074	0.088	0.458	0.099	0.535	0.028	-0.904	0.080	
OGLE-SMC-RRLYR-1069	0.727	0.055	0.766	0.021	1.725	0.043	6450	110	0.030	0.089	0.53	0.10	0.524	0.030	-0.789	0.083	
OGLE-SMC-RRLYR-1073	0.669	0.061	0.744	0.021	1.685	0.043	6480	110	0.103	0.090	0.63	0.10	0.525	0.030	-0.711	0.085	
OGLE-SMC-RRLYR-1079	0.664	0.057	0.749	0.021	1.703	0.043	6490	110	0.059	0.089	0.588	0.099	0.523	0.030	-0.751	0.084	
OGLE-SMC-RRLYR-1088	0.619	0.052	0.748	0.020	1.634	0.044	6280	100	0.181	0.089	0.74	0.10	0.570	0.028	-0.715	0.079	
OGLE-SMC-RRLYR-1091	0.587	0.059	0.723	0.022	1.660	0.044	6520	110	0.140	0.091	0.64	0.10	0.512	0.030	-0.658	0.089	
OGLE-SMC-RRLYR-1106	0.553	0.064	0.679	0.023	1.629	0.045	6760	110	0.248	0.092	0.71	0.10	0.461	0.031	-0.464	0.089	
OGLE-SMC-RRLYR-1111	0.648	0.056	0.750	0.021	1.654	0.046	6260	100	0.096	0.096	0.67	0.11	0.570	0.029	-0.799	0.087	
OGLE-SMC-RRLYR-1120	0.608	0.053	0.786	0.021	1.724	0.044	6310	110	-0.038	0.091	0.51	0.10	0.557	0.030	-0.908	0.083	
OGLE-SMC-RRLYR-1127	0.713	0.052	0.780	0.020	1.683	0.043	6220	100	0.068	0.090	0.66	0.10	0.590	0.029	-0.835	0.080	
OGLE-SMC-RRLYR-1133	0.630	0.063	0.712	0.022	1.677	0.045	6660	110	0.131	0.092	0.62	0.10	0.484	0.030	-0.618	0.088	
OGLE-SMC-RRLYR-1134	0.777	0.062	0.843	0.023	1.835	0.044	6270	110	-0.301	0.094	0.27	0.10	0.572	0.031	-1.188	0.094	
OGLE-SMC-RRLYR-1151	0.574	0.053	0.695	0.020	1.668	0.043	6770	110	0.157	0.090	0.61	0.10	0.458	0.030	-0.553	0.083	
OGLE-SMC-RRLYR-1155	0.683	0.057	0.772	0.022	1.738	0.043	6460	110	-0.049	0.091	0.48	0.10	0.530	0.031	-0.876	0.090	
OGLE-SMC-RRLYR-1159	0.588	0.062	0.721	0.023	1.668	0.044	6580	110	0.131	0.093	0.63	0.10	0.502	0.031	-0.651	0.094	
OGLE-SMC-RRLYR-1163	0.635	0.052	0.786	0.020	1.744	0.043	6370	100	-0.072	0.089	0.46	0.10	0.542	0.029	-0.914	0.080	
OGLE-SMC-RRLYR-1171	0.665	0.055	0.749	0.020	1.720	0.044	6570	100	0.017	0.090	0.52	0.10	0.508	0.029	-0.769	0.082	
OGLE-SMC-RRLYR-1176	0.732	0.056	0.766	0.021	1.729	0.042	6470	110	0.021	0.089	0.537	0.099	0.524	0.029	-0.795	0.083	
OGLE-SMC-RRLYR-1178	0.693	0.053	0.763	0.020	1.651	0.042	6230	110	0.134	0.088	0.71	0.10	0.586	0.030	-0.776	0.080	
OGLE-SMC-RRLYR-1182	0.701	0.055	0.772	0.022	1.693	0.043	6310	110	0.061	0.090	0.62	0.10	0.564	0.029	-0.805	0.084	
OGLE-SMC-RRLYR-1185	0.684	0.062	0.735	0.022	1.685	0.044	6520	110	0.110	0.091	0.63	0.10	0.517	0.030	-0.694	0.089	
OGLE-SMC-RRLYR-1192	0.643	0.055	0.751	0.020	1.676	0.043	6390	100	0.062	0.089	0.62	0.10	0.549	0.029	-0.787	0.081	
OGLE-SMC-RRLYR-1203	0.629	0.057	0.718	0.021	1.651	0.044	6520	110	0.178	0.092	0.70	0.10	0.514	0.030	-0.617	0.084	
OGLE-SMC-RRLYR-1206	0.692	0.053	0.762	0.020	1.697	0.042	6390	110	0.072	0.088	0.605	0.099	0.541	0.029	-0.770	0.081	
OGLE-SMC-RRLYR-1220	0.696	0.054	0.762	0.021	1.710	0.043	6430	110	0.056	0.089	0.57	0.10	0.529	0.029	-0.771	0.082	
OGLE-SMC-RRLYR-1222	0.615	0.057	0.728	0.020	1.680	0.044	6580	100	0.096	0.090	0.60	0.10	0.508	0.029	-0.687	0.082	
OGLE-SMC-RRLYR-1224	0.539	0.057	0.682	0.022	1.641	0.044	6750	110	0.214	0.091	0.68	0.10	0.462	0.031	-0.516	0.086	
OGLE-SMC-RRLYR-1231	0.750	0.060	0.772	0.022	1.762	0.043	6530	110	-0.045	0.090	0.46	0.10	0.512	0.030	-0.842	0.086	
OGLE-SMC-RRLYR-1234	0.601	0.055	0.702	0.021	1.623	0.044	6550	110	0.219	0.092	0.73	0.10	0.505	0.030	-0.565	0.083	
OGLE-SMC-RRLYR-1256	0.631	0.060	0.780	0.022	1.775	0.043	6530	110	-0.137	0.092	0.38	0.10	0.512	0.030	-0.934	0.089	
OGLE-SMC-RRLYR-1263	0.644	0.051	0.779	0.020	1.711	0.044	6310	100	0.008	0.090	0.55	0.10	0.557	0.029	-0.870	0.080	
OGLE-SMC-RRLYR-1272	0.697	0.052	0.765	0.019	1.753	0.042	6560	100	-0.027	0.087	0.484	0.098	0.505	0.028	-0.813	0.078	
OGLE-SMC-RRLYR-1274	0.763	0.051	0.797	0.020	1.708	0.042	6180	100	0.026	0.088	0.622	0.099	0.594	0.028	-0.884	0.079	
OGLE-SMC-RRLYR-1279	0.690	0.053	0.742	0.020	1.693	0.042	6490	100	0.076	0.087	0.617	0.099	0.523	0.029	-0.726	0.079	
OGLE-SMC-RRLYR-1283	0.735	0.058	0.774	0.022	1.709	0.043	6340	110	0.023	0.092	0.58	0.10	0.555	0.030	-0.832	0.087	
OGLE-SMC-RRLYR-1291	0.674	0.063	0.758	0.023	1.734	0.044	6520	110	-0.031	0.092	0.49	0.10	0.519	0.030	-0.835	0.090	
OGLE-SMC-RRLYR-1297	0.618	0.057	0.714	0.021	1.644	0.044	6530	110	0.198	0.092	0.72	0.10	0.513	0.030	-0.604	0.085	
OGLE-SMC-RRLYR-1298	0.674	0.062	0.742	0.022	1.690	0.044	6510	110	0.115	0.091	0.63	0.10	0.517	0.030	-0.692	0.088	
OGLE-SMC-RRLYR-1306	0.682	0.056	0.755	0.022	1.725	0.043	6520	110	0.004	0.090	0.51	0.10	0.503	0.032	-0.778	0.086	
OGLE-SMC-RRLYR-1312	0.582	0.053	0.705	0.020	1.652	0.042	6630	100	0.152	0.088	0.65	0.10	0.492	0.029	-0.605	0.080	
OGLE-SMC-RRLYR-1321	0.663	0.052	0.745	0.020	1.644	0.043	6320	100	0.151	0.089	0.72	0.10	0.572	0.029	-0.730	0.081	
OGLE-SMC-RRLYR-1336	0.636	0.060	0.745	0.022	1.731	0.043	6620	110	-0.000	0.090	0.49	0.10	0.492	0.029	-0.763	0.085	
OGLE-SMC-RRLYR-1364	0.632	0.054	0.780	0.021	1.786	0.042	6580	110	-0.153	0.089	0.363	0.099	0.505	0.030	-0.933	0.084	
OGLE-SMC-RRLYR-1365	0.717	0.061	0.805	0.023	1.784	0.044	6360	110	-0.168	0.093	0.38	0.10	0.549	0.031	-1.025	0.092	
OGLE-SMC-RRLYR-1370	0.702	0.058	0.737	0.021	1.629	0.043	6320	110	0.221	0.090	0.77	0.10	0.563	0.030	-0.659	0.086	
OGLE-SMC-RRLYR-1380	0.618	0.058	0.714	0.022	1.648	0.044	6550	110	0.214	0.092	0.71	0.10	0.505	0.029	-0.573	0.086	
OGLE-SMC-RRLYR-1389	0.582	0.053	0.711	0.020	1.612	0.043	6450	100	0.268	0.089	0.79	0.10	0.525	0.029	-0.549	0.080	
OGLE-SMC-RRLYR-1391	0.652	0.054	0.750	0.021	1.688	0.043	6430	100	0.086	0.089	0.61	0.10	0.530	0.029	-0.738	0.082	
OGLE-SMC-RRLYR-1392	0.683	0.062	0.746	0.024	1.660	0.045	6370	110	0.130	0.095	0.68	0.10	0.557	0.031	-0.735	0.092	
OGLE-SMC-RRLYR-1393	0.725	0.061	0.728	0.022	1.690	0.044	6600	110	0.132	0.090	0.64	0.10	0.501	0.030	-0.648	0.084	
OGLE-SMC-RRLYR-1408	0.739	0.054	0.776	0.021	1.707	0.043	6330	100	0.050	0.089	0.59	0.10	0.557	0.029	-0.811	0.081	
OGLE-SMC-RRLYR-1422	0.581	0.061	0.702	0.021	1.606	0.043	6480	110	0.265	0.090	0.78	0.10	0.524	0.030	-0.550	0.084	
OGLE-SMC-RRLYR-1424	0.606	0.055	0.740	0.020	1.698	0.043	6560	100	0.058	0.088	0.58	0.10	0.506	0.029	-0.721	0.080	
OGLE-SMC-RRLYR-1434	0.650	0.054	0.759	0.020	1.682	0.043	6340	100	0.074	0.089	0.61	0.10	0.551	0.029	-0.786	0.080	
OGLE-SMC-RRLYR-1438	0.590	0.051	0.720	0.019	1.690	0.042	6670	110	0.081	0.087	0.57	0.10	0.487	0.030	-0.676	0.079	
OGLE-SMC-RRLYR-1439	0.748	0.054	0.778	0.021	1.713	0.043	6310	100	0.031	0.089	0.57	0.10	0.560	0.029	-0.841	0.082	
OGLE-SMC-RRLYR-1443	0.672	0.054	0.749	0.021	1.622	0.047	6220	110	0.169	0.097	0.77	0.11	0.595	0.030	-0.748	0.084	
OGLE-SMC-RRLYR-1452	0.654	0.057	0.735	0.021	1.714	0.043	6640	110	0.051	0.090	0.54	0.10	0.489	0.029	-0.705	0.085	
OGLE-SMC-RRLYR-1459	0.709	0.058	0.745	0.021	1.704	0.044	6540	100	0.087	0.090	0.60	0.10	0.513	0.029	-0.712	0.083	
OGLE-SMC-RRLYR-1460	0.689	0.059	0.746	0.022	1.654	0.044	6340	110	0.155	0.092	0.71	0.10	0.558	0.030	-0.713	0.087	
OGLE-SMC-RRLYR-1461	0.667	0.053	0.764	0.021	1.652	0.044	6220	100	0.130	0.090	0.71	0.10	0.585	0.029	-0.775	0.080	
OGLE-SMC-RRLYR-1466	0.582	0.062	0.715	0.023	1.639	0.044	6500	110	0.188	0.092	0.70	0.10	0.518	0.031	-0.619	0.090	
OGLE-SMC-RRLYR-1480	0.683	0.055	0.770	0.022	1.692	0.044	6290	110	0.069	0.092	0.62	0.10	0.562	0.029	-0.812	0.086	
OGLE-SMC-RRLYR-1493	0.693	0.055	0.745	0.021	1.702	0.043	6520	110	0.098	0.089	0.60	0.10	0.511	0.030	-0.700	0.083	
OGLE-SMC-RRLYR-1495	0.607	0.053	0.733	0.020	1.731	0.043	6720	100	8.934	0.089	0.48	0.10	0.475	0.029	-0.739	0.081	
OGLE-SMC-RRLYR-1499	0.641	0.054	0.726	0.021	1.598	0.044	6300	110	0.272	0.091	0.84	0.10	0.571	0.029	-0.612	0.082	
OGLE-SMC-RRLYR-1500	0.750	0.051	0.789	0.019	1.706	0.043	6240	100	0.032	0.089	0.59	0.10	0.574	0.028	-0.864	0.078	
OGLE-SMC-RRLYR-1501	0.651	0.057	0.703	0.021	1.650	0.043	6650	110	0.216	0.089	0.71	0.10	0.489	0.030	-0.538	0.081	
OGLE-SMC-RRLYR-1503	0.624	0.053	0.732	0.020	1.673	0.042	6520	110	0.125	0.089	0.65	0.10	0.517	0.029	-0.680	0.081	
OGLE-SMC-RRLYR-1512	0.659	0.056	0.725	0.021	1.663	0.043	6500	110	0.148	0.090	0.67	0.10	0.520	0.030	-0.664	0.084	
OGLE-SMC-RRLYR-1522	0.684	0.060	0.742	0.021	1.696	0.043	6510	100	0.085	0.090	0.61	0.10	0.519	0.029	-0.713	0.083	
OGLE-SMC-RRLYR-1527	0.586	0.066	0.708	0.023	1.662	0.045	6640	110	0.136	0.094	0.65	0.10	0.491	0.030	-0.610	0.092	
OGLE-SMC-RRLYR-1528	0.699	0.056	0.772	0.020	1.734	0.042	6430	100	-0.027	0.088	0.509	0.099	0.534	0.029	-0.856	0.081	
OGLE-SMC-RRLYR-1531	0.761	0.056	0.780	0.021	1.715	0.043	6300	100	0.013	0.090	0.58	0.10	0.561	0.029	-0.854	0.083	
OGLE-SMC-RRLYR-1541	0.648	0.054	0.760	0.021	1.693	0.042	6380	110	0.054	0.088	0.58	0.10	0.542	0.030	-0.791	0.081	
OGLE-SMC-RRLYR-1550	0.695	0.053	0.756	0.021	1.722	0.043	6510	100	0.036	0.090	0.55	0.10	0.515	0.028	-0.764	0.082	
OGLE-SMC-RRLYR-1568	0.596	0.055	0.710	0.020	1.673	0.043	6660	100	0.140	0.089	0.63	0.10	0.483	0.029	-0.607	0.081	
OGLE-SMC-RRLYR-1570	0.626	0.055	0.724	0.021	1.629	0.043	6430	110	0.147	0.090	0.71	0.10	0.548	0.030	-0.684	0.084	
OGLE-SMC-RRLYR-1577	0.670	0.059	0.744	0.023	1.680	0.045	6430	110	0.096	0.094	0.63	0.10	0.533	0.029	-0.724	0.086	
OGLE-SMC-RRLYR-1579	0.625	0.054	0.724	0.020	1.664	0.044	6520	110	0.137	0.091	0.66	0.10	0.511	0.030	-0.655	0.082	
OGLE-SMC-RRLYR-1583	0.640	0.055	0.717	0.021	1.624	0.043	6430	110	0.255	0.089	0.78	0.10	0.533	0.030	-0.577	0.082	
OGLE-SMC-RRLYR-1584	0.603	0.056	0.713	0.022	1.645	0.046	6550	110	0.147	0.096	0.67	0.11	0.505	0.031	-0.630	0.086	
OGLE-SMC-RRLYR-1585	0.687	0.054	0.774	0.021	1.697	0.043	6270	110	0.016	0.089	0.59	0.10	0.572	0.030	-0.873	0.083	
OGLE-SMC-RRLYR-1587	0.708	0.054	0.775	0.020	1.741	0.042	6430	110	-0.038	0.088	0.497	0.099	0.532	0.029	-0.865	0.081	
OGLE-SMC-RRLYR-1596	0.559	0.058	0.667	0.021	1.549	0.043	6530	110	0.432	0.089	0.94	0.10	0.512	0.029	-0.364	0.083	
OGLE-SMC-RRLYR-1599	0.652	0.061	0.750	0.021	1.725	0.044	6560	110	-0.017	0.091	0.50	0.10	0.512	0.030	-0.807	0.086	
OGLE-SMC-RRLYR-1602	0.650	0.057	0.735	0.021	1.672	0.043	6470	110	0.100	0.090	0.64	0.10	0.529	0.030	-0.717	0.083	
OGLE-SMC-RRLYR-1603	0.688	0.061	0.753	0.021	1.747	0.044	6640	110	-0.005	0.091	0.49	0.10	0.491	0.029	-0.765	0.085	
OGLE-SMC-RRLYR-1607	0.653	0.060	0.747	0.021	1.685	0.044	6440	110	0.081	0.090	0.63	0.10	0.536	0.029	-0.734	0.084	
OGLE-SMC-RRLYR-1608	0.642	0.061	0.708	0.022	1.629	0.045	6530	110	0.224	0.092	0.74	0.10	0.518	0.031	-0.580	0.088	
OGLE-SMC-RRLYR-1611	0.695	0.051	0.759	0.020	1.688	0.042	6380	100	0.084	0.087	0.627	0.099	0.547	0.029	-0.761	0.079	
OGLE-SMC-RRLYR-1612	0.742	0.056	0.773	0.021	1.731	0.043	6420	100	0.000	0.089	0.53	0.10	0.540	0.029	-0.828	0.082	
OGLE-SMC-RRLYR-1631	0.647	0.058	0.752	0.022	1.735	0.044	6570	110	-0.017	0.091	0.49	0.10	0.503	0.029	-0.795	0.085	
OGLE-SMC-RRLYR-1632	0.613	0.056	0.725	0.022	1.666	0.044	6530	110	0.122	0.093	0.64	0.10	0.510	0.030	-0.669	0.085	
OGLE-SMC-RRLYR-1638	0.553	0.054	0.659	0.021	1.614	0.045	6850	110	0.267	0.094	0.69	0.11	0.414	0.030	-0.387	0.083	
OGLE-SMC-RRLYR-1642	0.618	0.054	0.749	0.022	1.696	0.044	6470	100	0.062	0.091	0.57	0.10	0.520	0.029	-0.750	0.084	
OGLE-SMC-RRLYR-1650	0.760	0.057	0.773	0.021	1.737	0.043	6450	110	0.011	0.089	0.53	0.10	0.531	0.030	-0.814	0.083	
OGLE-SMC-RRLYR-1667	0.772	0.054	0.752	0.020	1.652	0.043	6310	110	0.189	0.089	0.75	0.10	0.568	0.030	-0.696	0.082	
OGLE-SMC-RRLYR-1675	0.635	0.060	0.737	0.022	1.697	0.044	6560	110	0.071	0.090	0.59	0.10	0.507	0.031	-0.722	0.087	
OGLE-SMC-RRLYR-1684	0.672	0.056	0.746	0.021	1.684	0.044	6440	110	0.103	0.091	0.62	0.10	0.526	0.029	-0.720	0.084	
OGLE-SMC-RRLYR-1719	0.735	0.067	0.759	0.023	1.708	0.045	6420	110	0.049	0.094	0.59	0.10	0.539	0.030	-0.789	0.091	
OGLE-SMC-RRLYR-1730	0.559	0.056	0.712	0.022	1.645	0.046	6580	110	0.173	0.096	0.66	0.11	0.493	0.031	-0.588	0.084	
OGLE-SMC-RRLYR-1731	0.719	0.056	0.802	0.021	1.768	0.045	6340	100	-0.126	0.093	0.41	0.10	0.550	0.029	-0.988	0.085	
OGLE-SMC-RRLYR-1733	0.664	0.057	0.750	0.021	1.663	0.042	6340	110	0.113	0.088	0.67	0.10	0.556	0.031	-0.754	0.082	
OGLE-SMC-RRLYR-1737	0.598	0.059	0.676	0.021	1.632	0.044	6780	110	0.252	0.091	0.71	0.10	0.457	0.029	-0.458	0.084	
OGLE-SMC-RRLYR-1740	0.675	0.060	0.742	0.021	1.736	0.043	6660	110	0.024	0.089	0.50	0.10	0.482	0.030	-0.725	0.084	
OGLE-SMC-RRLYR-1769	0.641	0.060	0.726	0.022	1.680	0.044	6590	110	0.119	0.090	0.63	0.10	0.503	0.031	-0.659	0.085	
OGLE-SMC-RRLYR-1780	0.625	0.053	0.747	0.020	1.651	0.044	6300	100	0.120	0.089	0.69	0.10	0.564	0.029	-0.757	0.080	
OGLE-SMC-RRLYR-1784	0.747	0.056	0.782	0.021	1.736	0.043	6370	110	-0.010	0.089	0.530	0.099	0.544	0.029	-0.860	0.082	
OGLE-SMC-RRLYR-1789	0.661	0.055	0.745	0.020	1.690	0.042	6480	110	0.078	0.088	0.616	0.099	0.526	0.029	-0.733	0.082	
OGLE-SMC-RRLYR-1815	0.564	0.060	0.704	0.021	1.637	0.043	6590	110	0.218	0.089	0.72	0.10	0.499	0.029	-0.559	0.084	
OGLE-SMC-RRLYR-1842	0.653	0.059	0.750	0.023	1.692	0.044	6460	110	0.059	0.093	0.60	0.10	0.530	0.031	-0.756	0.089	
OGLE-SMC-RRLYR-1844	0.740	0.052	0.776	0.020	1.693	0.042	6250	110	0.038	0.088	0.63	0.10	0.577	0.031	-0.840	0.079	
OGLE-SMC-RRLYR-1847	0.675	0.059	0.755	0.021	1.715	0.043	6470	110	0.011	0.090	0.55	0.10	0.527	0.030	-0.804	0.085	
OGLE-SMC-RRLYR-1859	0.683	0.055	0.743	0.020	1.726	0.043	6630	100	0.036	0.088	0.537	0.099	0.493	0.029	-0.726	0.081	
OGLE-SMC-RRLYR-1862	0.694	0.059	0.751	0.021	1.697	0.044	6460	110	0.062	0.092	0.59	0.10	0.532	0.029	-0.769	0.086	
OGLE-SMC-RRLYR-1866	0.660	0.057	0.751	0.021	1.735	0.043	6620	110	0.028	0.089	0.527	0.099	0.492	0.029	-0.735	0.084	
OGLE-SMC-RRLYR-1870	0.718	0.059	0.749	0.021	1.703	0.043	6500	110	0.080	0.089	0.604	0.099	0.520	0.030	-0.730	0.085	
OGLE-SMC-RRLYR-1885	0.738	0.053	0.784	0.021	1.686	0.043	6200	110	0.033	0.089	0.64	0.10	0.600	0.031	-0.887	0.082	
OGLE-SMC-RRLYR-1888	0.683	0.053	0.765	0.020	1.684	0.044	6320	100	0.091	0.090	0.63	0.10	0.554	0.029	-0.784	0.081	
OGLE-SMC-RRLYR-1889	0.628	0.055	0.716	0.022	1.585	0.045	6330	110	0.280	0.095	0.85	0.11	0.568	0.030	-0.599	0.084	
OGLE-SMC-RRLYR-1890	0.667	0.054	0.744	0.021	1.657	0.043	6350	110	0.142	0.089	0.68	0.10	0.548	0.029	-0.713	0.082	
OGLE-SMC-RRLYR-1891	0.594	0.058	0.815	0.023	1.814	0.044	6410	110	-0.275	0.093	0.26	0.10	0.534	0.030	-1.102	0.091	
OGLE-SMC-RRLYR-1893	0.639	0.054	0.747	0.020	1.731	0.042	6620	100	0.015	0.088	0.519	0.099	0.491	0.029	-0.740	0.081	
OGLE-SMC-RRLYR-1899	0.598	0.065	0.712	0.023	1.656	0.046	6590	110	0.157	0.094	0.67	0.10	0.502	0.030	-0.615	0.092	
OGLE-SMC-RRLYR-1902	0.583	0.054	0.701	0.020	1.617	0.043	6530	110	0.229	0.090	0.74	0.10	0.511	0.030	-0.566	0.082	
OGLE-SMC-RRLYR-1903	0.687	0.058	0.734	0.022	1.679	0.044	6520	110	0.146	0.089	0.65	0.10	0.513	0.030	-0.651	0.084	
OGLE-SMC-RRLYR-1913	0.736	0.054	0.781	0.020	1.715	0.043	6310	100	0.017	0.088	0.56	0.10	0.558	0.029	-0.853	0.080	
OGLE-SMC-RRLYR-1919	0.542	0.052	0.697	0.020	1.665	0.043	6710	110	0.152	0.088	0.63	0.10	0.469	0.030	-0.590	0.080	
OGLE-SMC-RRLYR-1922	0.588	0.061	0.714	0.022	1.661	0.043	6600	110	0.162	0.091	0.66	0.10	0.496	0.030	-0.609	0.088	
OGLE-SMC-RRLYR-1923	0.740	0.055	0.788	0.021	1.739	0.043	6350	100	-0.016	0.089	0.52	0.10	0.547	0.029	-0.872	0.082	
OGLE-SMC-RRLYR-1927	0.608	0.055	0.734	0.021	1.686	0.043	6530	110	0.081	0.089	0.591	0.099	0.509	0.030	-0.714	0.085	
OGLE-SMC-RRLYR-1929	0.730	0.058	0.768	0.022	1.738	0.043	6480	110	0.011	0.090	0.537	0.099	0.522	0.030	-0.806	0.086	
OGLE-SMC-RRLYR-1930	0.726	0.055	0.772	0.022	1.651	0.044	6150	110	0.137	0.091	0.74	0.10	0.608	0.030	-0.811	0.084	
OGLE-SMC-RRLYR-1941	0.644	0.055	0.714	0.021	1.669	0.043	6590	110	0.166	0.089	0.66	0.10	0.500	0.030	-0.620	0.082	
OGLE-SMC-RRLYR-1948	0.633	0.060	0.730	0.021	1.679	0.044	6530	110	0.099	0.090	0.63	0.10	0.513	0.029	-0.688	0.085	
OGLE-SMC-RRLYR-1952	0.722	0.058	0.775	0.022	1.747	0.043	6470	110	-0.027	0.090	0.49	0.10	0.526	0.030	-0.844	0.087	
OGLE-SMC-RRLYR-1958	0.624	0.061	0.718	0.021	1.692	0.045	6700	100	0.105	0.092	0.59	0.10	0.479	0.029	-0.634	0.085	
OGLE-SMC-RRLYR-1963	0.665	0.062	0.757	0.023	1.722	0.044	6510	110	0.031	0.092	0.54	0.10	0.514	0.031	-0.768	0.091	
OGLE-SMC-RRLYR-1977	0.730	0.064	0.747	0.023	1.740	0.045	6640	110	0.025	0.091	0.51	0.10	0.488	0.030	-0.742	0.088	
OGLE-SMC-RRLYR-1980	0.702	0.059	0.761	0.021	1.764	0.043	6630	110	-0.068	0.089	0.43	0.10	0.495	0.030	-0.834	0.085	
OGLE-SMC-RRLYR-1987	0.694	0.057	0.751	0.021	1.717	0.043	6530	110	0.040	0.088	0.573	0.099	0.518	0.029	-0.762	0.082	
OGLE-SMC-RRLYR-1989	0.536	0.051	0.674	0.019	1.619	0.042	6710	100	0.247	0.088	0.739	0.099	0.473	0.028	-0.491	0.078	
OGLE-SMC-RRLYR-1990	0.708	0.059	0.753	0.021	1.724	0.043	6540	110	0.025	0.089	0.54	0.10	0.514	0.029	-0.776	0.083	
OGLE-SMC-RRLYR-1991	0.641	0.057	0.739	0.021	1.679	0.044	6470	100	0.098	0.090	0.62	0.10	0.525	0.029	-0.721	0.084	
OGLE-SMC-RRLYR-1993	0.570	0.052	0.699	0.020	1.613	0.043	6550	100	0.273	0.090	0.76	0.10	0.503	0.029	-0.513	0.080	
OGLE-SMC-RRLYR-1999	0.660	0.056	0.724	0.021	1.663	0.044	6510	110	0.149	0.092	0.67	0.10	0.520	0.029	-0.664	0.085	
OGLE-SMC-RRLYR-2002	0.541	0.057	0.689	0.022	1.647	0.043	6730	120	0.199	0.092	0.67	0.10	0.468	0.032	-0.525	0.088	
OGLE-SMC-RRLYR-2015	0.655	0.061	0.764	0.023	1.753	0.043	6560	120	-0.061	0.091	0.43	0.10	0.502	0.032	-0.844	0.092	
OGLE-SMC-RRLYR-2018	0.681	0.054	0.762	0.020	1.703	0.042	6390	110	0.042	0.089	0.58	0.10	0.541	0.029	-0.799	0.081	
OGLE-SMC-RRLYR-2029	0.683	0.052	0.724	0.019	1.680	0.042	6600	100	0.138	0.087	0.648	0.099	0.502	0.028	-0.641	0.078	
OGLE-SMC-RRLYR-2030	0.618	0.056	0.718	0.021	1.606	0.043	6380	110	0.241	0.090	0.79	0.10	0.559	0.031	-0.623	0.084	
OGLE-SMC-RRLYR-2031	0.646	0.065	0.747	0.025	1.741	0.048	6650	120	0.00	0.10	0.48	0.11	0.468	0.032	-0.732	0.096	
OGLE-SMC-RRLYR-2032	0.689	0.057	0.750	0.022	1.647	0.046	6290	110	0.125	0.095	0.71	0.11	0.577	0.030	-0.763	0.086	
OGLE-SMC-RRLYR-2052	0.641	0.054	0.778	0.020	1.775	0.042	6550	110	-0.133	0.089	0.38	0.10	0.511	0.029	-0.926	0.082	
OGLE-SMC-RRLYR-2058	0.652	0.055	0.790	0.021	1.807	0.043	6570	110	-0.183	0.090	0.330	0.099	0.501	0.030	-0.961	0.085	
OGLE-SMC-RRLYR-2067	0.703	0.056	0.765	0.021	1.702	0.043	6390	110	0.069	0.089	0.60	0.10	0.541	0.029	-0.773	0.083	
OGLE-SMC-RRLYR-2076	0.694	0.058	0.753	0.021	1.738	0.043	6590	110	0.005	0.089	0.51	0.10	0.501	0.030	-0.773	0.083	
OGLE-SMC-RRLYR-2084	0.623	0.055	0.724	0.020	1.685	0.042	6620	100	0.108	0.088	0.612	0.099	0.493	0.029	-0.656	0.081	
OGLE-SMC-RRLYR-2101	0.714	0.054	0.764	0.021	1.703	0.043	6390	100	0.055	0.089	0.60	0.10	0.546	0.029	-0.780	0.082	
OGLE-SMC-RRLYR-2102	0.599	0.061	0.737	0.023	1.731	0.043	6690	120	0.003	0.090	0.480	0.099	0.475	0.032	-0.735	0.091	
OGLE-SMC-RRLYR-2109	0.587	0.058	0.737	0.024	1.618	0.047	6300	110	0.227	0.099	0.78	0.11	0.568	0.029	-0.664	0.090	
OGLE-SMC-RRLYR-2111	0.743	0.063	0.773	0.024	1.708	0.044	6340	120	0.050	0.092	0.60	0.10	0.557	0.032	-0.817	0.094	
OGLE-SMC-RRLYR-2120	0.599	0.063	0.728	0.023	1.691	0.044	6600	110	0.086	0.091	0.58	0.10	0.492	0.030	-0.680	0.088	
OGLE-SMC-RRLYR-2121	0.667	0.055	0.747	0.021	1.682	0.043	6420	110	0.076	0.090	0.62	0.10	0.539	0.029	-0.756	0.083	
OGLE-SMC-RRLYR-2138	0.640	0.062	0.747	0.022	1.707	0.043	6530	120	0.053	0.090	0.57	0.10	0.512	0.033	-0.735	0.089	
OGLE-SMC-RRLYR-2144	0.676	0.054	0.739	0.021	1.664	0.043	6440	110	0.128	0.089	0.67	0.10	0.540	0.030	-0.705	0.082	
OGLE-SMC-RRLYR-2145	0.659	0.056	0.750	0.021	1.693	0.043	6450	110	0.088	0.090	0.60	0.10	0.525	0.029	-0.733	0.084	
OGLE-SMC-RRLYR-2154	0.754	0.052	0.797	0.020	1.733	0.044	6280	100	-0.039	0.091	0.51	0.10	0.564	0.028	-0.921	0.080	
OGLE-SMC-RRLYR-2157	0.567	0.058	0.709	0.021	1.674	0.043	6700	110	0.129	0.090	0.621	0.099	0.480	0.030	-0.617	0.085	
OGLE-SMC-RRLYR-2184	0.569	0.061	0.672	0.024	1.537	0.047	6430	110	0.412	0.095	0.94	0.11	0.535	0.030	-0.422	0.091	
OGLE-SMC-RRLYR-2187	0.695	0.056	0.782	0.021	1.772	0.042	6500	110	-0.095	0.089	0.432	0.099	0.520	0.030	-0.903	0.084	
OGLE-SMC-RRLYR-2188	0.688	0.056	0.750	0.021	1.688	0.043	6430	110	0.072	0.090	0.61	0.10	0.534	0.030	-0.752	0.084	
OGLE-SMC-RRLYR-2201	0.625	0.056	0.739	0.021	1.643	0.043	6340	110	0.158	0.089	0.70	0.10	0.552	0.030	-0.705	0.084	
OGLE-SMC-RRLYR-2213	0.676	0.061	0.731	0.021	1.701	0.045	6620	100	0.092	0.092	0.59	0.10	0.495	0.029	-0.680	0.085	
OGLE-SMC-RRLYR-2218	0.652	0.062	0.745	0.024	1.698	0.045	6490	110	0.071	0.094	0.59	0.10	0.521	0.030	-0.746	0.092	
OGLE-SMC-RRLYR-2219	0.644	0.058	0.739	0.021	1.692	0.043	6530	110	0.084	0.089	0.609	0.099	0.510	0.030	-0.701	0.083	
OGLE-SMC-RRLYR-2224	0.605	0.058	0.735	0.021	1.692	0.043	6560	110	0.058	0.090	0.57	0.10	0.512	0.030	-0.736	0.085	
OGLE-SMC-RRLYR-2232	0.648	0.065	0.730	0.023	1.709	0.045	6640	110	0.061	0.093	0.56	0.10	0.488	0.030	-0.689	0.089	
OGLE-SMC-RRLYR-2238	0.612	0.059	0.724	0.022	1.679	0.044	6580	110	0.110	0.091	0.62	0.10	0.503	0.030	-0.667	0.086	
OGLE-SMC-RRLYR-2252	0.660	0.055	0.745	0.021	1.615	0.045	6220	110	0.222	0.094	0.81	0.11	0.590	0.031	-0.696	0.084	
OGLE-SMC-RRLYR-2298	0.662	0.058	0.762	0.022	1.739	0.043	6550	110	-0.035	0.089	0.492	0.099	0.511	0.031	-0.821	0.086	
OGLE-SMC-RRLYR-2303	0.737	0.056	0.784	0.021	1.729	0.043	6320	110	-0.009	0.091	0.54	0.10	0.555	0.029	-0.881	0.087	
OGLE-SMC-RRLYR-2310	0.714	0.061	0.805	0.023	1.774	0.043	6330	110	-0.159	0.091	0.414	0.099	0.558	0.031	-1.020	0.091	
OGLE-SMC-RRLYR-2315	0.633	0.067	0.718	0.024	1.682	0.045	6610	120	0.108	0.093	0.61	0.10	0.494	0.032	-0.660	0.094	
OGLE-SMC-RRLYR-2319	0.702	0.059	0.770	0.023	1.693	0.046	6280	110	0.047	0.094	0.61	0.11	0.565	0.031	-0.836	0.088	
OGLE-SMC-RRLYR-2333	0.572	0.063	0.678	0.022	1.596	0.044	6630	110	0.331	0.091	0.82	0.10	0.490	0.030	-0.425	0.087	
OGLE-SMC-RRLYR-2334	0.744	0.053	0.790	0.020	1.698	0.043	6210	100	0.061	0.089	0.63	0.10	0.588	0.028	-0.849	0.081	
OGLE-SMC-RRLYR-2341	0.628	0.051	0.751	0.020	1.672	0.043	6390	100	0.113	0.089	0.64	0.10	0.539	0.029	-0.727	0.080	
OGLE-SMC-RRLYR-2348	0.612	0.059	0.728	0.022	1.677	0.044	6540	110	0.100	0.093	0.62	0.10	0.512	0.029	-0.696	0.087	
OGLE-SMC-RRLYR-2349	0.643	0.056	0.771	0.020	1.740	0.042	6460	110	-0.058	0.089	0.474	0.099	0.527	0.029	-0.881	0.083	
OGLE-SMC-RRLYR-2353	0.677	0.065	0.769	0.025	1.706	0.046	6360	120	0.035	0.095	0.58	0.10	0.548	0.032	-0.821	0.098	
OGLE-SMC-RRLYR-2356	0.616	0.056	0.737	0.020	1.667	0.043	6460	110	0.136	0.090	0.67	0.10	0.527	0.030	-0.686	0.082	
OGLE-SMC-RRLYR-2357	0.596	0.057	0.702	0.021	1.654	0.043	6670	100	0.202	0.089	0.69	0.10	0.479	0.029	-0.541	0.082	
OGLE-SMC-RRLYR-2367	0.741	0.058	0.783	0.021	1.736	0.043	6360	110	-0.019	0.090	0.52	0.10	0.545	0.030	-0.863	0.085	
OGLE-SMC-RRLYR-2380	0.643	0.057	0.747	0.021	1.665	0.043	6370	110	0.123	0.089	0.66	0.10	0.545	0.030	-0.728	0.083	
OGLE-SMC-RRLYR-2390	0.586	0.056	0.705	0.021	1.679	0.043	6740	110	0.136	0.089	0.615	0.099	0.466	0.030	-0.586	0.084	
OGLE-SMC-RRLYR-2392	0.631	0.061	0.701	0.023	1.599	0.046	6480	110	0.337	0.096	0.84	0.11	0.519	0.030	-0.482	0.089	
OGLE-SMC-RRLYR-2393	0.652	0.056	0.750	0.021	1.687	0.043	6440	110	0.096	0.089	0.62	0.10	0.531	0.030	-0.730	0.084	
OGLE-SMC-RRLYR-2399	0.578	0.058	0.749	0.022	1.722	0.043	6570	110	0.003	0.092	0.51	0.10	0.502	0.030	-0.782	0.088	
OGLE-SMC-RRLYR-2401	0.670	0.061	0.758	0.023	1.694	0.045	6390	110	0.034	0.095	0.59	0.10	0.548	0.031	-0.814	0.095	
OGLE-SMC-RRLYR-2411	0.541	0.054	0.717	0.020	1.693	0.043	6710	110	0.083	0.089	0.56	0.10	0.471	0.029	-0.649	0.082	
OGLE-SMC-RRLYR-2422	0.620	0.061	0.720	0.021	1.653	0.043	6510	110	0.152	0.089	0.69	0.10	0.521	0.030	-0.648	0.085	
OGLE-SMC-RRLYR-2431	0.709	0.057	0.763	0.022	1.706	0.044	6400	110	0.048	0.092	0.58	0.10	0.540	0.029	-0.788	0.085	
OGLE-SMC-RRLYR-2436	0.552	0.062	0.707	0.022	1.668	0.043	6690	110	0.135	0.090	0.62	0.10	0.475	0.030	-0.600	0.087	
OGLE-SMC-RRLYR-2440	0.703	0.063	0.765	0.023	1.733	0.044	6490	110	0.000	0.092	0.51	0.10	0.520	0.031	-0.809	0.092	
OGLE-SMC-RRLYR-2447	0.669	0.056	0.750	0.021	1.675	0.043	6380	100	0.081	0.089	0.64	0.10	0.548	0.029	-0.757	0.083	
OGLE-SMC-RRLYR-2458	0.545	0.058	0.712	0.021	1.647	0.044	6580	100	0.151	0.092	0.66	0.10	0.507	0.029	-0.637	0.086	
OGLE-SMC-RRLYR-2460	0.546	0.059	0.686	0.023	1.667	0.046	6840	110	0.191	0.094	0.63	0.11	0.436	0.031	-0.491	0.089	
OGLE-SMC-RRLYR-2681	0.646	0.056	0.726	0.020	1.687	0.043	6610	100	0.102	0.088	0.61	0.10	0.497	0.029	-0.662	0.081	
OGLE-SMC-RRLYR-2699	0.664	0.065	0.736	0.023	1.750	0.044	6760	120	-0.014	0.093	0.44	0.10	0.458	0.031	-0.734	0.094	
OGLE-SMC-RRLYR-2704	0.692	0.062	0.733	0.023	1.662	0.044	6470	110	0.190	0.091	0.70	0.10	0.525	0.031	-0.626	0.088	
OGLE-SMC-RRLYR-2734	0.676	0.060	0.743	0.021	1.710	0.044	6580	110	0.051	0.090	0.57	0.10	0.509	0.030	-0.728	0.085	
OGLE-SMC-RRLYR-2754	0.647	0.058	0.722	0.021	1.710	0.045	6710	110	0.083	0.094	0.53	0.11	0.450	0.031	-0.627	0.086	
OGLE-SMC-RRLYR-2811	0.695	0.056	0.752	0.021	1.669	0.045	6330	100	0.108	0.092	0.66	0.11	0.559	0.029	-0.762	0.083	
OGLE-SMC-RRLYR-2827	0.701	0.054	0.746	0.020	1.698	0.042	6500	100	0.081	0.087	0.600	0.099	0.518	0.029	-0.729	0.080	
OGLE-SMC-RRLYR-2836	0.635	0.056	0.720	0.021	1.618	0.043	6420	110	0.266	0.089	0.79	0.10	0.536	0.030	-0.566	0.084	
OGLE-SMC-RRLYR-2853	0.715	0.052	0.771	0.020	1.684	0.043	6260	100	0.069	0.088	0.63	0.10	0.571	0.028	-0.820	0.079	
OGLE-SMC-RRLYR-2860	0.688	0.055	0.775	0.021	1.708	0.044	6320	110	0.012	0.090	0.56	0.10	0.559	0.030	-0.859	0.083	
OGLE-SMC-RRLYR-2868	0.545	0.050	0.718	0.019	1.671	0.042	6620	100	0.110	0.087	0.621	0.099	0.494	0.029	-0.656	0.079	
OGLE-SMC-RRLYR-2872	0.640	0.061	0.719	0.022	1.676	0.045	6610	110	0.152	0.092	0.65	0.10	0.495	0.029	-0.613	0.085	
OGLE-SMC-RRLYR-2878	0.627	0.054	0.760	0.021	1.656	0.043	6260	100	0.099	0.089	0.68	0.10	0.573	0.029	-0.797	0.080	
OGLE-SMC-RRLYR-2879	0.622	0.062	0.721	0.022	1.690	0.044	6670	110	0.101	0.089	0.59	0.10	0.484	0.030	-0.645	0.085	
OGLE-SMC-RRLYR-2882	0.779	0.054	0.793	0.020	1.728	0.042	6260	110	-0.012	0.089	0.55	0.10	0.568	0.029	-0.892	0.081	
OGLE-SMC-RRLYR-2888	0.632	0.054	0.805	0.021	1.766	0.045	6320	120	-0.156	0.091	0.40	0.11	0.556	0.033	-1.021	0.081	
OGLE-SMC-RRLYR-2892	0.608	0.063	0.717	0.022	1.688	0.044	6680	110	0.116	0.090	0.60	0.10	0.479	0.030	-0.624	0.086	
OGLE-SMC-RRLYR-2899	0.662	0.060	0.755	0.022	1.713	0.043	6490	110	0.037	0.091	0.56	0.10	0.520	0.030	-0.774	0.090	
OGLE-SMC-RRLYR-2913	0.682	0.054	0.738	0.020	1.711	0.042	6610	100	0.058	0.089	0.57	0.10	0.501	0.028	-0.720	0.080	
OGLE-SMC-RRLYR-2922	0.605	0.058	0.699	0.021	1.632	0.044	6600	110	0.217	0.091	0.73	0.10	0.501	0.029	-0.562	0.083	
OGLE-SMC-RRLYR-2923	0.590	0.049	0.657	0.019	1.566	0.042	6650	100	0.381	0.087	0.853	0.099	0.472	0.028	-0.360	0.077	
OGLE-SMC-RRLYR-2929	0.686	0.052	0.750	0.019	1.688	0.042	6430	100	0.100	0.087	0.624	0.099	0.532	0.028	-0.729	0.078	
OGLE-SMC-RRLYR-2930	0.686	0.058	0.744	0.021	1.683	0.043	6450	100	0.095	0.089	0.63	0.10	0.533	0.029	-0.724	0.082	
OGLE-SMC-RRLYR-2945	0.678	0.053	0.760	0.021	1.657	0.043	6260	100	0.141	0.089	0.70	0.10	0.577	0.029	-0.757	0.081	
OGLE-SMC-RRLYR-2946	0.586	0.058	0.753	0.022	1.741	0.043	6600	110	-0.042	0.092	0.46	0.10	0.497	0.030	-0.818	0.090	
OGLE-SMC-RRLYR-2952	0.711	0.052	0.769	0.020	1.727	0.042	6430	100	0.017	0.088	0.550	0.099	0.532	0.028	-0.814	0.079	
OGLE-SMC-RRLYR-2955	0.665	0.051	0.750	0.019	1.694	0.042	6440	100	0.074	0.088	0.603	0.099	0.533	0.029	-0.760	0.079	
OGLE-SMC-RRLYR-2956	0.674	0.056	0.765	0.021	1.769	0.042	6620	110	-0.076	0.089	0.429	0.099	0.494	0.030	-0.841	0.084	
OGLE-SMC-RRLYR-2960	0.700	0.064	0.770	0.024	1.706	0.046	6330	110	0.035	0.094	0.58	0.10	0.553	0.030	-0.834	0.091	
OGLE-SMC-RRLYR-2961	0.620	0.052	0.712	0.020	1.696	0.042	6740	100	0.099	0.087	0.579	0.099	0.467	0.028	-0.627	0.079	
OGLE-SMC-RRLYR-2966	0.652	0.051	0.736	0.019	1.700	0.042	6560	100	0.052	0.087	0.582	0.098	0.508	0.028	-0.728	0.078	
OGLE-SMC-RRLYR-2970	0.660	0.050	0.762	0.019	1.698	0.043	6440	100	0.023	0.090	0.55	0.10	0.528	0.029	-0.793	0.078	
OGLE-SMC-RRLYR-2977	0.674	0.051	0.754	0.019	1.719	0.042	6520	100	0.018	0.087	0.548	0.099	0.516	0.028	-0.780	0.078	
OGLE-SMC-RRLYR-2978	0.710	0.051	0.786	0.020	1.765	0.042	6440	100	-0.098	0.087	0.422	0.099	0.528	0.028	-0.920	0.078	
OGLE-SMC-RRLYR-2985	0.733	0.053	0.743	0.020	1.725	0.042	6610	100	0.036	0.088	0.543	0.099	0.497	0.028	-0.738	0.079	
OGLE-SMC-RRLYR-2987	0.731	0.052	0.771	0.020	1.751	0.042	6510	100	-0.023	0.087	0.499	0.099	0.517	0.028	-0.827	0.079	
OGLE-SMC-RRLYR-2996	0.762	0.053	0.779	0.021	1.696	0.043	6270	100	0.052	0.090	0.63	0.10	0.577	0.029	-0.830	0.082	
OGLE-SMC-RRLYR-2997	0.682	0.053	0.753	0.020	1.672	0.042	6340	100	0.121	0.088	0.659	0.099	0.549	0.029	-0.737	0.081	
OGLE-SMC-RRLYR-3006	0.713	0.051	0.748	0.019	1.713	0.042	6550	100	0.060	0.087	0.573	0.098	0.511	0.028	-0.734	0.078	
OGLE-SMC-RRLYR-3007	0.655	0.053	0.762	0.020	1.739	0.042	6540	100	-0.042	0.088	0.479	0.099	0.514	0.029	-0.841	0.080	
OGLE-SMC-RRLYR-3012	0.643	0.054	0.766	0.020	1.772	0.042	6630	100	-0.100	0.088	0.410	0.099	0.492	0.029	-0.860	0.081	
OGLE-SMC-RRLYR-3014	0.784	0.050	0.785	0.019	1.720	0.042	6270	100	-0.008	0.087	0.558	0.099	0.572	0.028	-0.902	0.077	
OGLE-SMC-RRLYR-3018	0.644	0.051	0.737	0.019	1.700	0.042	6580	100	0.070	0.087	0.581	0.098	0.503	0.028	-0.712	0.078	
OGLE-SMC-RRLYR-3022	0.658	0.068	0.727	0.025	1.709	0.048	6680	110	0.084	0.097	0.56	0.11	0.479	0.031	-0.660	0.097	
OGLE-SMC-RRLYR-3033	0.697	0.059	0.816	0.023	1.785	0.044	6290	110	-0.189	0.093	0.37	0.10	0.565	0.031	-1.069	0.092	
OGLE-SMC-RRLYR-3037	0.661	0.053	0.751	0.020	1.735	0.042	6590	100	0.011	0.088	0.509	0.099	0.495	0.029	-0.758	0.080	
OGLE-SMC-RRLYR-3039	0.606	0.056	0.765	0.022	1.772	0.043	6650	110	-0.113	0.090	0.38	0.10	0.490	0.031	-0.876	0.088	
OGLE-SMC-RRLYR-3043	0.550	0.052	0.694	0.020	1.644	0.042	6680	100	0.174	0.088	0.677	0.099	0.480	0.029	-0.566	0.080	
OGLE-SMC-RRLYR-3044	0.642	0.065	0.750	0.023	1.731	0.044	6580	110	-0.009	0.092	0.49	0.10	0.500	0.031	-0.784	0.090	
OGLE-SMC-RRLYR-3047	0.705	0.051	0.764	0.019	1.715	0.042	6420	100	0.022	0.087	0.564	0.099	0.539	0.028	-0.818	0.078	
OGLE-SMC-RRLYR-3050	0.771	0.055	0.781	0.020	1.720	0.042	6300	110	-0.000	0.088	0.569	0.099	0.566	0.029	-0.881	0.081	
OGLE-SMC-RRLYR-3051	0.663	0.050	0.762	0.019	1.629	0.043	6180	100	0.160	0.089	0.75	0.10	0.598	0.029	-0.769	0.077	
OGLE-SMC-RRLYR-3053	0.718	0.056	0.733	0.021	1.650	0.044	6410	110	0.190	0.092	0.73	0.10	0.545	0.030	-0.649	0.084	
OGLE-SMC-RRLYR-3060	0.680	0.051	0.756	0.019	1.680	0.042	6350	100	0.093	0.087	0.636	0.099	0.548	0.029	-0.763	0.078	
OGLE-SMC-RRLYR-3069	0.580	0.066	0.708	0.024	1.700	0.044	6800	120	0.094	0.092	0.55	0.10	0.453	0.032	-0.605	0.092	
OGLE-SMC-RRLYR-3070	0.569	0.056	0.717	0.021	1.714	0.042	6770	110	0.054	0.090	0.520	0.099	0.456	0.030	-0.655	0.087	
OGLE-SMC-RRLYR-3077	0.720	0.053	0.764	0.020	1.714	0.043	6420	100	0.023	0.090	0.55	0.10	0.530	0.029	-0.803	0.081	
OGLE-SMC-RRLYR-3087	0.763	0.060	0.790	0.023	1.749	0.045	6370	110	-0.055	0.094	0.48	0.10	0.541	0.030	-0.897	0.090	
OGLE-SMC-RRLYR-3091	0.662	0.053	0.767	0.020	1.772	0.042	6630	100	-0.100	0.088	0.408	0.099	0.497	0.029	-0.870	0.081	
OGLE-SMC-RRLYR-3093	0.697	0.052	0.746	0.020	1.724	0.042	6600	100	0.029	0.087	0.538	0.099	0.500	0.028	-0.747	0.079	
OGLE-SMC-RRLYR-3109	0.730	0.055	0.758	0.020	1.696	0.043	6380	100	0.064	0.090	0.62	0.10	0.549	0.029	-0.788	0.082	
OGLE-SMC-RRLYR-3113	0.674	0.061	0.735	0.024	1.669	0.049	6460	110	0.14	0.10	0.65	0.11	0.523	0.030	-0.670	0.092	
OGLE-SMC-RRLYR-3121	0.732	0.051	0.757	0.019	1.744	0.042	6580	100	-0.006	0.087	0.498	0.099	0.504	0.028	-0.793	0.078	
OGLE-SMC-RRLYR-3126	0.664	0.050	0.747	0.019	1.723	0.042	6590	100	0.048	0.087	0.553	0.099	0.498	0.028	-0.724	0.077	
OGLE-SMC-RRLYR-3134	0.761	0.053	0.790	0.020	1.723	0.043	6260	110	-0.025	0.088	0.56	0.10	0.576	0.029	-0.916	0.080	
OGLE-SMC-RRLYR-3135	0.656	0.056	0.757	0.021	1.716	0.043	6480	110	0.001	0.090	0.532	0.099	0.525	0.029	-0.817	0.085	
OGLE-SMC-RRLYR-3139	0.691	0.050	0.769	0.019	1.667	0.042	6250	100	0.107	0.088	0.693	0.099	0.585	0.028	-0.790	0.078	
OGLE-SMC-RRLYR-3141	0.641	0.051	0.807	0.019	1.807	0.042	6440	100	-0.241	0.088	0.287	0.099	0.531	0.028	-1.060	0.079	
OGLE-SMC-RRLYR-3151	0.695	0.051	0.757	0.019	1.713	0.042	6470	100	0.034	0.087	0.562	0.099	0.529	0.028	-0.792	0.078	
OGLE-SMC-RRLYR-3160	0.655	0.050	0.733	0.019	1.649	0.042	6430	100	0.169	0.088	0.711	0.099	0.540	0.028	-0.661	0.078	
OGLE-SMC-RRLYR-3162	0.617	0.064	0.723	0.024	1.653	0.045	6490	110	0.139	0.094	0.68	0.10	0.524	0.030	-0.673	0.091	
OGLE-SMC-RRLYR-3163	0.608	0.057	0.701	0.021	1.656	0.044	6660	100	0.180	0.092	0.67	0.10	0.485	0.029	-0.575	0.084	
OGLE-SMC-RRLYR-3176	0.618	0.058	0.714	0.022	1.668	0.044	6630	110	0.181	0.091	0.67	0.10	0.487	0.030	-0.575	0.086	
OGLE-SMC-RRLYR-3187	0.765	0.053	0.789	0.020	1.733	0.043	6320	100	-0.006	0.089	0.52	0.10	0.553	0.029	-0.873	0.080	
OGLE-SMC-RRLYR-3192	0.744	0.053	0.780	0.021	1.719	0.043	6320	100	0.025	0.090	0.56	0.10	0.553	0.029	-0.839	0.081	
OGLE-SMC-RRLYR-3193	0.576	0.061	0.715	0.022	1.683	0.043	6690	110	0.122	0.089	0.60	0.10	0.476	0.030	-0.618	0.085	
OGLE-SMC-RRLYR-3195	0.716	0.064	0.795	0.025	1.765	0.045	6380	130	-0.124	0.095	0.43	0.10	0.554	0.034	-0.98	0.10	
OGLE-SMC-RRLYR-3196	0.740	0.058	0.775	0.022	1.738	0.044	6430	110	-0.025	0.091	0.51	0.10	0.535	0.029	-0.846	0.085	
OGLE-SMC-RRLYR-3199	0.623	0.055	0.721	0.020	1.703	0.043	6680	100	0.081	0.089	0.56	0.10	0.476	0.029	-0.659	0.082	
OGLE-SMC-RRLYR-3207	0.625	0.058	0.739	0.022	1.699	0.044	6530	110	0.048	0.092	0.56	0.10	0.513	0.029	-0.750	0.086	
OGLE-SMC-RRLYR-3215	0.681	0.068	0.767	0.026	1.744	0.046	6510	120	-0.010	0.097	0.49	0.10	0.509	0.032	-0.803	0.098	
OGLE-SMC-RRLYR-3230	0.742	0.068	0.763	0.023	1.767	0.047	6620	110	-0.048	0.096	0.45	0.11	0.494	0.030	-0.820	0.091	
OGLE-SMC-RRLYR-3236	0.628	0.062	0.746	0.023	1.722	0.044	6590	110	0.008	0.093	0.50	0.10	0.499	0.031	-0.768	0.094	
OGLE-SMC-RRLYR-3242	0.630	0.057	0.716	0.021	1.707	0.043	6760	110	0.092	0.090	0.56	0.10	0.464	0.030	-0.626	0.084	
OGLE-SMC-RRLYR-3250	0.621	0.056	0.723	0.021	1.624	0.043	6400	110	0.192	0.091	0.75	0.10	0.555	0.030	-0.665	0.085	
OGLE-SMC-RRLYR-3253	0.750	0.055	0.779	0.021	1.712	0.043	6310	110	0.023	0.090	0.58	0.10	0.562	0.030	-0.847	0.083	
OGLE-SMC-RRLYR-3260	0.670	0.059	0.735	0.022	1.697	0.044	6570	110	0.094	0.091	0.60	0.10	0.504	0.029	-0.684	0.085	
OGLE-SMC-RRLYR-3269	0.653	0.064	0.751	0.023	1.733	0.045	6580	110	-0.013	0.094	0.47	0.10	0.499	0.030	-0.787	0.091	
OGLE-SMC-RRLYR-3270	0.676	0.054	0.774	0.021	1.685	0.043	6270	100	0.061	0.090	0.62	0.10	0.574	0.029	-0.832	0.081	
OGLE-SMC-RRLYR-3271	0.716	0.065	0.770	0.022	1.736	0.045	6460	110	-0.026	0.093	0.50	0.10	0.532	0.030	-0.852	0.089	
OGLE-SMC-RRLYR-3272	0.632	0.064	0.739	0.024	1.697	0.044	6540	120	0.069	0.092	0.59	0.10	0.511	0.031	-0.727	0.092	
OGLE-SMC-RRLYR-3284	0.680	0.059	0.760	0.021	1.717	0.043	6450	110	0.015	0.089	0.54	0.10	0.528	0.030	-0.805	0.084	
OGLE-SMC-RRLYR-3312	0.767	0.051	0.820	0.019	1.824	0.042	6410	100	-0.239	0.087	0.308	0.098	0.543	0.028	-1.081	0.079	
OGLE-SMC-RRLYR-3313	0.651	0.066	0.739	0.024	1.709	0.047	6570	110	0.045	0.097	0.56	0.11	0.504	0.030	-0.738	0.094	
OGLE-SMC-RRLYR-3321	0.670	0.058	0.737	0.021	1.683	0.044	6500	110	0.107	0.090	0.63	0.10	0.522	0.029	-0.707	0.085	
OGLE-SMC-RRLYR-3329	0.632	0.058	0.734	0.021	1.688	0.043	6570	110	0.092	0.088	0.608	0.099	0.506	0.030	-0.691	0.082	
OGLE-SMC-RRLYR-3332	0.668	0.058	0.744	0.021	1.738	0.044	6650	100	0.018	0.090	0.50	0.10	0.483	0.029	-0.734	0.083	
OGLE-SMC-RRLYR-3358	0.658	0.058	0.746	0.022	1.734	0.043	6600	110	0.000	0.091	0.50	0.10	0.491	0.030	-0.762	0.085	
OGLE-SMC-RRLYR-3365	0.748	0.058	0.778	0.021	1.746	0.043	6440	110	-0.015	0.090	0.51	0.10	0.531	0.029	-0.846	0.084	
OGLE-SMC-RRLYR-3368	0.676	0.059	0.761	0.022	1.770	0.043	6650	110	-0.058	0.089	0.43	0.10	0.483	0.030	-0.811	0.085	
OGLE-SMC-RRLYR-3370	0.683	0.058	0.748	0.021	1.713	0.044	6540	100	0.053	0.090	0.57	0.10	0.511	0.029	-0.740	0.083	
OGLE-SMC-RRLYR-3373	0.607	0.054	0.740	0.021	1.638	0.044	6330	100	0.177	0.092	0.72	0.10	0.553	0.029	-0.692	0.081	
OGLE-SMC-RRLYR-3380	0.709	0.053	0.775	0.020	1.708	0.042	6350	100	0.046	0.088	0.597	0.099	0.553	0.029	-0.802	0.080	
OGLE-SMC-RRLYR-3383	0.614	0.058	0.863	0.022	1.880	0.044	6290	110	-0.455	0.093	0.10	0.10	0.562	0.031	-1.328	0.089	
OGLE-SMC-RRLYR-3399	0.601	0.058	0.721	0.021	1.716	0.043	6730	100	0.050	0.090	0.52	0.10	0.464	0.029	-0.673	0.083	
OGLE-SMC-RRLYR-3403	0.601	0.064	0.731	0.023	1.697	0.044	6620	110	0.077	0.092	0.58	0.10	0.492	0.030	-0.682	0.090	
OGLE-SMC-RRLYR-3417	0.725	0.057	0.767	0.021	1.722	0.043	6430	110	0.013	0.089	0.56	0.10	0.537	0.030	-0.807	0.084	
OGLE-SMC-RRLYR-3431	0.640	0.060	0.719	0.023	1.672	0.045	6590	110	0.147	0.095	0.64	0.10	0.497	0.030	-0.631	0.093	
OGLE-SMC-RRLYR-3435	0.716	0.052	0.760	0.020	1.658	0.043	6230	100	0.119	0.088	0.69	0.10	0.579	0.028	-0.786	0.078	
OGLE-SMC-RRLYR-3438	0.668	0.056	0.722	0.021	1.678	0.045	6620	110	0.121	0.094	0.59	0.11	0.471	0.031	-0.611	0.084	
OGLE-SMC-RRLYR-3445	0.558	0.050	0.693	0.020	1.524	0.044	6270	110	0.340	0.091	0.95	0.10	0.596	0.030	-0.577	0.080	
OGLE-SMC-RRLYR-3446	0.681	0.057	0.738	0.021	1.701	0.043	6560	100	0.092	0.089	0.599	0.099	0.506	0.029	-0.693	0.082	
OGLE-SMC-RRLYR-3460	0.690	0.054	0.765	0.020	1.701	0.042	6380	110	0.047	0.088	0.59	0.10	0.545	0.030	-0.797	0.080	
OGLE-SMC-RRLYR-3480	0.723	0.055	0.770	0.020	1.711	0.042	6360	110	0.012	0.088	0.562	0.099	0.554	0.029	-0.848	0.080	
OGLE-SMC-RRLYR-3490	0.750	0.058	0.771	0.021	1.709	0.043	6340	110	0.036	0.090	0.59	0.10	0.557	0.030	-0.836	0.085	
OGLE-SMC-RRLYR-3499	0.635	0.056	0.752	0.021	1.736	0.042	6590	110	-0.020	0.088	0.488	0.099	0.500	0.030	-0.793	0.084	
OGLE-SMC-RRLYR-3520	0.577	0.056	0.707	0.021	1.562	0.044	6300	110	0.301	0.092	0.88	0.10	0.576	0.030	-0.584	0.084	
OGLE-SMC-RRLYR-3523	0.632	0.054	0.740	0.021	1.661	0.043	6410	110	0.148	0.090	0.67	0.10	0.535	0.029	-0.688	0.083	
OGLE-SMC-RRLYR-3533	0.660	0.059	0.750	0.022	1.704	0.043	6490	110	0.060	0.090	0.58	0.10	0.520	0.031	-0.749	0.087	
OGLE-SMC-RRLYR-3539	0.711	0.053	0.757	0.020	1.686	0.043	6360	100	0.083	0.090	0.64	0.10	0.551	0.029	-0.773	0.081	
OGLE-SMC-RRLYR-3541	0.660	0.053	0.757	0.021	1.676	0.043	6340	110	0.106	0.089	0.64	0.10	0.551	0.029	-0.757	0.082	
OGLE-SMC-RRLYR-3554	0.739	0.054	0.759	0.020	1.671	0.043	6290	110	0.082	0.089	0.67	0.10	0.578	0.030	-0.808	0.081	
OGLE-SMC-RRLYR-3557	0.607	0.065	0.719	0.022	1.637	0.045	6470	110	0.185	0.091	0.71	0.10	0.527	0.030	-0.630	0.086	
OGLE-SMC-RRLYR-3560	0.667	0.058	0.744	0.022	1.698	0.043	6510	110	0.077	0.090	0.58	0.10	0.513	0.029	-0.724	0.085	
OGLE-SMC-RRLYR-3562	0.671	0.060	0.787	0.023	1.760	0.044	6420	110	-0.121	0.093	0.42	0.10	0.542	0.031	-0.956	0.091	
OGLE-SMC-RRLYR-3566	0.752	0.056	0.775	0.021	1.694	0.044	6260	100	0.041	0.089	0.61	0.10	0.576	0.029	-0.857	0.080	
OGLE-SMC-RRLYR-3592	0.631	0.060	0.705	0.022	1.633	0.044	6530	110	0.204	0.091	0.73	0.10	0.518	0.030	-0.605	0.085	
OGLE-SMC-RRLYR-3600	0.682	0.059	0.756	0.023	1.735	0.043	6570	120	-0.009	0.091	0.50	0.10	0.505	0.032	-0.798	0.091	
OGLE-SMC-RRLYR-3619	0.715	0.060	0.764	0.021	1.707	0.044	6380	100	0.019	0.090	0.59	0.10	0.550	0.029	-0.815	0.084	
OGLE-SMC-RRLYR-3621	0.680	0.054	0.764	0.020	1.685	0.043	6310	110	0.044	0.089	0.60	0.10	0.564	0.030	-0.835	0.081	
OGLE-SMC-RRLYR-3631	0.690	0.058	0.776	0.022	1.709	0.043	6320	110	0.016	0.089	0.56	0.10	0.555	0.030	-0.847	0.083	
OGLE-SMC-RRLYR-3638	0.636	0.065	0.717	0.024	1.686	0.047	6660	110	0.139	0.097	0.62	0.11	0.483	0.031	-0.618	0.094	
OGLE-SMC-RRLYR-3641	0.595	0.059	0.710	0.022	1.655	0.044	6580	110	0.164	0.093	0.67	0.10	0.503	0.030	-0.624	0.088	
OGLE-SMC-RRLYR-3646	0.738	0.054	0.777	0.020	1.729	0.042	6390	100	0.009	0.089	0.548	0.099	0.541	0.029	-0.827	0.081	
OGLE-SMC-RRLYR-3650	0.777	0.061	0.780	0.022	1.742	0.045	6420	110	-0.015	0.091	0.53	0.10	0.543	0.030	-0.861	0.087	
OGLE-SMC-RRLYR-3654	0.592	0.059	0.711	0.021	1.674	0.043	6680	110	0.132	0.090	0.62	0.10	0.481	0.030	-0.613	0.085	
OGLE-SMC-RRLYR-3656	0.570	0.055	0.730	0.020	1.660	0.042	6500	100	0.143	0.089	0.663	0.099	0.519	0.029	-0.662	0.081	
OGLE-SMC-RRLYR-3667	0.781	0.055	0.778	0.021	1.742	0.042	6410	110	-0.012	0.089	0.524	0.099	0.539	0.029	-0.857	0.083	
OGLE-SMC-RRLYR-3679	0.578	0.060	0.705	0.021	1.664	0.044	6650	100	0.153	0.091	0.65	0.10	0.486	0.029	-0.600	0.084	
OGLE-SMC-RRLYR-3680	0.572	0.054	0.700	0.020	1.630	0.044	6590	110	0.226	0.092	0.73	0.11	0.490	0.031	-0.539	0.082	
OGLE-SMC-RRLYR-3685	0.553	0.060	0.704	0.021	1.674	0.044	6710	110	0.129	0.091	0.61	0.10	0.472	0.029	-0.601	0.085	
OGLE-SMC-RRLYR-3703	0.649	0.058	0.770	0.022	1.753	0.043	6510	110	-0.071	0.091	0.44	0.10	0.515	0.030	-0.872	0.088	
OGLE-SMC-RRLYR-3705	0.614	0.060	0.709	0.022	1.669	0.044	6640	110	0.158	0.092	0.66	0.10	0.489	0.030	-0.600	0.087	
OGLE-SMC-RRLYR-3710	0.618	0.059	0.730	0.022	1.684	0.043	6560	110	0.106	0.090	0.60	0.10	0.503	0.030	-0.676	0.087	
OGLE-SMC-RRLYR-3736	0.736	0.060	0.752	0.022	1.720	0.043	6520	110	0.045	0.090	0.55	0.10	0.514	0.030	-0.757	0.087	
OGLE-SMC-RRLYR-3755	0.624	0.054	0.744	0.021	1.714	0.042	6580	110	0.019	0.089	0.536	0.099	0.505	0.030	-0.766	0.084	
OGLE-SMC-RRLYR-3757	0.621	0.063	0.738	0.023	1.670	0.044	6460	120	0.129	0.093	0.66	0.10	0.526	0.031	-0.692	0.092	
OGLE-SMC-RRLYR-3763	0.684	0.056	0.756	0.021	1.705	0.043	6460	110	0.076	0.090	0.59	0.10	0.524	0.029	-0.739	0.083	
OGLE-SMC-RRLYR-3786	0.643	0.060	0.709	0.023	1.647	0.044	6580	110	0.222	0.091	0.70	0.10	0.497	0.030	-0.554	0.088	
OGLE-SMC-RRLYR-3793	0.742	0.054	0.809	0.020	1.817	0.042	6480	100	-0.202	0.088	0.343	0.099	0.530	0.029	-1.022	0.080	
OGLE-SMC-RRLYR-3797	0.719	0.059	0.770	0.023	1.746	0.045	6490	110	-0.012	0.094	0.49	0.10	0.514	0.030	-0.816	0.089	
OGLE-SMC-RRLYR-3800	0.617	0.059	0.704	0.021	1.685	0.045	6730	110	0.140	0.091	0.60	0.10	0.464	0.029	-0.588	0.084	
OGLE-SMC-RRLYR-3801	0.690	0.058	0.758	0.021	1.713	0.044	6450	110	0.006	0.090	0.56	0.10	0.534	0.029	-0.809	0.084	
OGLE-SMC-RRLYR-3803	0.611	0.059	0.716	0.023	1.692	0.046	6700	110	0.127	0.096	0.58	0.11	0.462	0.031	-0.606	0.089	
OGLE-SMC-RRLYR-3808	0.679	0.061	0.748	0.021	1.724	0.044	6580	100	0.021	0.089	0.52	0.10	0.502	0.029	-0.756	0.082	
OGLE-SMC-RRLYR-3810	0.688	0.055	0.747	0.021	1.679	0.043	6420	110	0.093	0.091	0.64	0.10	0.539	0.029	-0.735	0.083	
OGLE-SMC-RRLYR-3833	0.716	0.060	0.771	0.021	1.691	0.044	6280	110	0.033	0.091	0.60	0.10	0.572	0.029	-0.858	0.085	
OGLE-SMC-RRLYR-3834	0.653	0.059	0.740	0.021	1.702	0.044	6550	110	0.058	0.090	0.58	0.10	0.510	0.029	-0.725	0.083	
OGLE-SMC-RRLYR-3845	0.727	0.059	0.789	0.022	1.732	0.044	6310	110	-0.033	0.091	0.51	0.10	0.560	0.029	-0.908	0.085	
OGLE-SMC-RRLYR-3850	0.639	0.060	0.736	0.022	1.678	0.044	6500	110	0.118	0.090	0.64	0.10	0.519	0.030	-0.692	0.088	
OGLE-SMC-RRLYR-3862	0.632	0.054	0.725	0.020	1.667	0.043	6530	110	0.158	0.091	0.67	0.10	0.510	0.030	-0.638	0.082	
OGLE-SMC-RRLYR-3881	0.668	0.057	0.769	0.022	1.736	0.043	6460	110	-0.037	0.090	0.47	0.10	0.524	0.030	-0.851	0.084	
OGLE-SMC-RRLYR-3889	0.722	0.052	0.782	0.021	1.725	0.043	6340	100	0.000	0.090	0.53	0.10	0.544	0.029	-0.852	0.080	
OGLE-SMC-RRLYR-3896	0.596	0.056	0.706	0.020	1.681	0.043	6740	100	0.134	0.089	0.60	0.10	0.466	0.029	-0.587	0.081	
OGLE-SMC-RRLYR-3899	0.638	0.065	0.696	0.023	1.615	0.047	6550	110	0.276	0.096	0.77	0.11	0.507	0.030	-0.514	0.092	
OGLE-SMC-RRLYR-3907	0.724	0.063	0.801	0.025	1.796	0.045	6440	110	-0.169	0.095	0.34	0.10	0.526	0.031	-0.989	0.095	
OGLE-SMC-RRLYR-3908	0.725	0.052	0.778	0.020	1.726	0.044	6380	100	0.009	0.091	0.53	0.10	0.532	0.029	-0.826	0.080	
OGLE-SMC-RRLYR-3938	0.749	0.055	0.785	0.021	1.733	0.043	6330	110	-0.016	0.089	0.51	0.10	0.551	0.030	-0.878	0.084	
OGLE-SMC-RRLYR-3942	0.700	0.056	0.780	0.021	1.704	0.043	6290	110	0.025	0.090	0.58	0.10	0.566	0.030	-0.853	0.083	
OGLE-SMC-RRLYR-3944	0.623	0.061	0.758	0.023	1.751	0.044	6610	110	-0.072	0.093	0.43	0.10	0.499	0.031	-0.847	0.093	
OGLE-SMC-RRLYR-3946	0.701	0.058	0.755	0.021	1.686	0.043	6390	110	0.083	0.089	0.64	0.10	0.547	0.029	-0.763	0.083	
OGLE-SMC-RRLYR-3955	0.685	0.058	0.752	0.022	1.713	0.044	6470	110	0.036	0.092	0.57	0.10	0.525	0.029	-0.783	0.086	
OGLE-SMC-RRLYR-3962	0.733	0.054	0.780	0.021	1.701	0.043	6280	110	0.050	0.089	0.62	0.10	0.573	0.029	-0.833	0.082	
OGLE-SMC-RRLYR-3975	0.640	0.059	0.756	0.021	1.713	0.043	6470	110	0.002	0.090	0.54	0.10	0.525	0.029	-0.806	0.084	
OGLE-SMC-RRLYR-3993	0.670	0.058	0.751	0.022	1.674	0.043	6380	110	0.123	0.090	0.66	0.10	0.543	0.030	-0.724	0.085	
OGLE-SMC-RRLYR-4009	0.626	0.066	0.745	0.023	1.716	0.043	6580	120	0.025	0.090	0.539	0.099	0.502	0.032	-0.748	0.091	
OGLE-SMC-RRLYR-4020	0.764	0.054	0.781	0.020	1.689	0.043	6240	110	0.060	0.091	0.63	0.10	0.581	0.029	-0.840	0.082	
OGLE-SMC-RRLYR-4053	0.594	0.054	0.710	0.020	1.657	0.043	6620	110	0.182	0.090	0.68	0.10	0.490	0.030	-0.581	0.081	
OGLE-SMC-RRLYR-4060	0.673	0.056	0.767	0.021	1.722	0.043	6440	110	0.031	0.090	0.55	0.10	0.523	0.030	-0.781	0.084	
OGLE-SMC-RRLYR-4067	0.635	0.055	0.763	0.021	1.773	0.042	6650	110	-0.101	0.089	0.392	0.099	0.488	0.030	-0.859	0.084	
OGLE-SMC-RRLYR-4074	0.607	0.056	0.724	0.021	1.678	0.043	6560	110	0.098	0.090	0.62	0.10	0.507	0.029	-0.690	0.084	
OGLE-SMC-RRLYR-4086	0.623	0.059	0.746	0.023	1.681	0.043	6440	110	0.102	0.092	0.62	0.10	0.528	0.031	-0.721	0.091	
OGLE-SMC-RRLYR-4088	0.636	0.059	0.735	0.022	1.714	0.043	6650	110	0.045	0.089	0.54	0.10	0.487	0.030	-0.712	0.085	
OGLE-SMC-RRLYR-4094	0.706	0.053	0.769	0.020	1.760	0.043	6550	100	-0.065	0.089	0.44	0.10	0.510	0.029	-0.860	0.082	
OGLE-SMC-RRLYR-4102	0.636	0.060	0.744	0.023	1.701	0.044	6530	110	0.068	0.091	0.58	0.10	0.511	0.030	-0.727	0.089	
OGLE-SMC-RRLYR-4114	0.711	0.055	0.769	0.021	1.724	0.043	6410	100	-0.010	0.089	0.53	0.10	0.539	0.029	-0.839	0.082	
OGLE-SMC-RRLYR-4121	0.569	0.058	0.723	0.022	1.708	0.043	6700	110	0.055	0.090	0.52	0.10	0.467	0.030	-0.669	0.086	
OGLE-SMC-RRLYR-4123	0.664	0.060	0.722	0.022	1.717	0.043	6740	110	0.067	0.090	0.54	0.10	0.467	0.030	-0.658	0.086	
OGLE-SMC-RRLYR-4127	0.595	0.067	0.700	0.024	1.627	0.047	6580	110	0.227	0.095	0.74	0.11	0.506	0.031	-0.560	0.092	
OGLE-SMC-RRLYR-4142	0.713	0.057	0.802	0.022	1.803	0.043	6470	110	-0.192	0.090	0.34	0.10	0.529	0.031	-1.015	0.088	
OGLE-SMC-RRLYR-4157	0.591	0.052	0.710	0.020	1.669	0.043	6670	100	0.140	0.088	0.63	0.10	0.484	0.029	-0.611	0.080	
OGLE-SMC-RRLYR-4159	0.598	0.062	0.726	0.023	1.645	0.043	6450	120	0.169	0.091	0.70	0.10	0.530	0.032	-0.650	0.089	
OGLE-SMC-RRLYR-4163	0.675	0.059	0.762	0.021	1.731	0.044	6490	110	-0.019	0.092	0.49	0.10	0.523	0.031	-0.831	0.086	
OGLE-SMC-RRLYR-4170	0.662	0.056	0.754	0.021	1.683	0.043	6380	110	0.078	0.089	0.62	0.10	0.548	0.029	-0.774	0.081	
OGLE-SMC-RRLYR-4171	0.727	0.057	0.772	0.022	1.726	0.044	6430	100	0.026	0.092	0.55	0.10	0.534	0.029	-0.793	0.085	
OGLE-SMC-RRLYR-4179	0.692	0.063	0.750	0.023	1.731	0.044	6600	110	0.022	0.091	0.52	0.10	0.499	0.030	-0.749	0.088	
OGLE-SMC-RRLYR-4182	0.665	0.057	0.749	0.021	1.672	0.043	6370	110	0.114	0.089	0.659	0.099	0.547	0.030	-0.738	0.085	
OGLE-SMC-RRLYR-4192	0.586	0.058	0.714	0.021	1.688	0.043	6710	110	0.110	0.089	0.60	0.10	0.474	0.029	-0.618	0.083	
OGLE-SMC-RRLYR-4229	0.734	0.054	0.796	0.021	1.706	0.043	6180	110	-0.001	0.089	0.60	0.10	0.598	0.030	-0.917	0.083	
OGLE-SMC-RRLYR-4242	0.617	0.054	0.735	0.021	1.659	0.043	6450	110	0.131	0.090	0.66	0.10	0.535	0.029	-0.693	0.084	
OGLE-SMC-RRLYR-4251	0.703	0.060	0.747	0.021	1.730	0.044	6600	100	0.031	0.090	0.53	0.10	0.498	0.029	-0.742	0.083	
OGLE-SMC-RRLYR-4254	0.648	0.057	0.722	0.022	1.650	0.043	6480	110	0.163	0.090	0.71	0.10	0.525	0.030	-0.647	0.085	
OGLE-SMC-RRLYR-4255	0.575	0.052	0.691	0.020	1.543	0.044	6330	110	0.321	0.091	0.89	0.10	0.567	0.031	-0.554	0.080	
OGLE-SMC-RRLYR-4258	0.743	0.053	0.791	0.020	1.727	0.043	6310	100	-0.005	0.090	0.54	0.10	0.561	0.028	-0.882	0.080	
OGLE-SMC-RRLYR-4263	0.744	0.054	0.776	0.020	1.729	0.042	6390	110	0.008	0.088	0.544	0.099	0.539	0.029	-0.835	0.081	
OGLE-SMC-RRLYR-4273	0.588	0.058	0.725	0.022	1.648	0.044	6480	110	0.165	0.093	0.69	0.10	0.525	0.030	-0.640	0.090	
OGLE-SMC-RRLYR-4277	0.629	0.056	0.758	0.021	1.759	0.042	6640	110	-0.068	0.089	0.425	0.099	0.490	0.030	-0.827	0.084	
OGLE-SMC-RRLYR-4280	0.613	0.059	0.724	0.021	1.631	0.043	6400	110	0.164	0.091	0.72	0.10	0.549	0.030	-0.683	0.085	
OGLE-SMC-RRLYR-4285	0.642	0.061	0.782	0.023	1.777	0.044	6520	120	-0.143	0.092	0.37	0.10	0.515	0.032	-0.946	0.092	
OGLE-SMC-RRLYR-4286	0.662	0.066	0.757	0.024	1.667	0.046	6270	110	0.088	0.096	0.66	0.11	0.566	0.032	-0.793	0.088	
OGLE-SMC-RRLYR-4297	0.543	0.060	0.704	0.022	1.661	0.044	6690	110	0.168	0.091	0.65	0.10	0.475	0.029	-0.565	0.085	
OGLE-SMC-RRLYR-4298	0.557	0.050	0.722	0.019	1.678	0.042	6590	110	0.080	0.088	0.60	0.10	0.502	0.030	-0.703	0.080	
OGLE-SMC-RRLYR-4301	0.675	0.055	0.759	0.022	1.659	0.043	6290	110	0.117	0.090	0.69	0.10	0.574	0.031	-0.761	0.085	
OGLE-SMC-RRLYR-4307	0.609	0.052	0.767	0.021	1.679	0.043	6260	110	0.038	0.090	0.61	0.10	0.571	0.029	-0.860	0.082	
OGLE-SMC-RRLYR-4318	0.717	0.054	0.772	0.021	1.701	0.043	6330	100	0.071	0.090	0.61	0.10	0.552	0.029	-0.789	0.083	
OGLE-SMC-RRLYR-4355	0.715	0.058	0.771	0.022	1.731	0.043	6440	110	0.010	0.091	0.53	0.10	0.528	0.029	-0.808	0.086	
OGLE-SMC-RRLYR-4374	0.560	0.054	0.695	0.021	1.650	0.042	6700	110	0.182	0.088	0.662	0.099	0.473	0.030	-0.553	0.082	
OGLE-SMC-RRLYR-4380	0.703	0.057	0.778	0.022	1.746	0.043	6440	110	-0.069	0.090	0.47	0.10	0.538	0.031	-0.906	0.088	
OGLE-SMC-RRLYR-4384	0.633	0.057	0.737	0.021	1.666	0.042	6440	110	0.125	0.089	0.66	0.10	0.533	0.031	-0.702	0.084	
OGLE-SMC-RRLYR-4396	0.657	0.059	0.740	0.021	1.701	0.043	6530	110	0.049	0.089	0.58	0.10	0.514	0.029	-0.736	0.083	
OGLE-SMC-RRLYR-4397	0.677	0.066	0.747	0.022	1.697	0.044	6480	110	0.059	0.091	0.59	0.10	0.525	0.030	-0.747	0.087	
OGLE-SMC-RRLYR-4402	0.719	0.057	0.772	0.022	1.719	0.043	6390	110	0.039	0.091	0.56	0.10	0.538	0.029	-0.802	0.086	
OGLE-SMC-RRLYR-4407	0.619	0.063	0.722	0.023	1.647	0.045	6490	110	0.197	0.094	0.72	0.10	0.521	0.029	-0.614	0.089	
OGLE-SMC-RRLYR-4414	0.757	0.054	0.786	0.021	1.698	0.043	6230	110	0.054	0.089	0.63	0.10	0.583	0.030	-0.839	0.082	
OGLE-SMC-RRLYR-4446	0.598	0.067	0.715	0.025	1.660	0.048	6590	110	0.166	0.099	0.68	0.11	0.499	0.031	-0.605	0.096	
OGLE-SMC-RRLYR-4449	0.747	0.057	0.787	0.023	1.694	0.048	6190	110	0.041	0.097	0.62	0.11	0.589	0.030	-0.867	0.087	
OGLE-SMC-RRLYR-4453	0.740	0.053	0.792	0.020	1.741	0.043	6320	100	-0.040	0.088	0.49	0.10	0.554	0.029	-0.908	0.080	
OGLE-SMC-RRLYR-4460	0.620	0.059	0.721	0.022	1.699	0.043	6670	110	0.088	0.091	0.58	0.10	0.480	0.030	-0.655	0.086	
OGLE-SMC-RRLYR-4469	0.628	0.052	0.762	0.019	1.727	0.042	6500	100	-0.039	0.087	0.490	0.098	0.522	0.029	-0.851	0.079	
OGLE-SMC-RRLYR-4483	0.608	0.070	0.715	0.023	1.684	0.045	6670	110	0.111	0.093	0.60	0.10	0.481	0.030	-0.634	0.091	
OGLE-SMC-RRLYR-4494	0.661	0.058	0.740	0.021	1.706	0.043	6580	110	0.065	0.089	0.583	0.099	0.504	0.029	-0.711	0.083	
OGLE-SMC-RRLYR-4518	0.654	0.057	0.766	0.022	1.711	0.043	6400	110	0.019	0.091	0.55	0.10	0.537	0.029	-0.818	0.084	
OGLE-SMC-RRLYR-4520	0.729	0.054	0.769	0.021	1.714	0.043	6390	100	0.037	0.089	0.57	0.10	0.544	0.029	-0.800	0.082	
OGLE-SMC-RRLYR-4522	0.731	0.052	0.793	0.020	1.733	0.044	6320	110	-0.068	0.093	0.49	0.11	0.556	0.030	-0.930	0.080	
OGLE-SMC-RRLYR-4523	0.698	0.052	0.770	0.020	1.693	0.042	6330	100	0.073	0.088	0.620	0.099	0.555	0.029	-0.789	0.079	
OGLE-SMC-RRLYR-4545	0.608	0.056	0.716	0.022	1.662	0.044	6560	110	0.157	0.091	0.67	0.10	0.506	0.030	-0.638	0.085	
OGLE-SMC-RRLYR-4552	0.663	0.062	0.740	0.023	1.689	0.044	6480	110	0.080	0.093	0.61	0.10	0.525	0.031	-0.745	0.090	
OGLE-SMC-RRLYR-4563	0.591	0.054	0.703	0.020	1.675	0.042	6730	110	0.150	0.089	0.628	0.099	0.467	0.029	-0.576	0.083	
OGLE-SMC-RRLYR-4567	0.635	0.061	0.724	0.023	1.698	0.045	6650	110	0.110	0.093	0.59	0.10	0.480	0.030	-0.642	0.090	
OGLE-SMC-RRLYR-4575	0.656	0.058	0.768	0.022	1.757	0.043	6550	110	-0.071	0.090	0.445	0.099	0.509	0.030	-0.861	0.087	
OGLE-SMC-RRLYR-4576	0.647	0.073	0.733	0.026	1.698	0.050	6610	110	0.06	0.10	0.57	0.11	0.500	0.031	-0.70	0.10	
OGLE-SMC-RRLYR-4583	0.594	0.062	0.707	0.022	1.643	0.043	6560	110	0.190	0.091	0.71	0.10	0.509	0.031	-0.604	0.088	
OGLE-SMC-RRLYR-4590	0.683	0.059	0.774	0.023	1.756	0.044	6500	110	-0.076	0.094	0.44	0.10	0.517	0.030	-0.870	0.090	
OGLE-SMC-RRLYR-4602	0.694	0.056	0.758	0.021	1.688	0.043	6350	110	0.081	0.090	0.60	0.10	0.546	0.029	-0.775	0.083	
OGLE-SMC-RRLYR-4606	0.666	0.059	0.730	0.021	1.654	0.046	6460	110	0.162	0.092	0.70	0.10	0.533	0.029	-0.665	0.083	
OGLE-SMC-RRLYR-4609	0.633	0.055	0.750	0.021	1.667	0.045	6340	100	0.099	0.091	0.64	0.10	0.551	0.029	-0.759	0.082	
OGLE-SMC-RRLYR-4610	0.685	0.061	0.774	0.022	1.722	0.044	6370	110	-0.023	0.092	0.53	0.10	0.552	0.030	-0.884	0.088	
OGLE-SMC-RRLYR-4611	0.685	0.057	0.742	0.020	1.677	0.044	6460	100	0.093	0.090	0.63	0.10	0.536	0.028	-0.734	0.082	
OGLE-SMC-RRLYR-4620	0.545	0.051	0.644	0.019	1.531	0.043	6620	110	0.449	0.089	0.93	0.10	0.484	0.031	-0.311	0.078	
OGLE-SMC-RRLYR-4626	0.629	0.055	0.729	0.021	1.670	0.043	6510	100	0.138	0.089	0.63	0.10	0.511	0.029	-0.660	0.082	
OGLE-SMC-RRLYR-4630	0.612	0.058	0.706	0.021	1.690	0.043	6750	110	0.118	0.090	0.59	0.10	0.464	0.029	-0.597	0.085	
OGLE-SMC-RRLYR-4635	0.701	0.062	0.754	0.023	1.696	0.044	6430	120	0.083	0.092	0.61	0.10	0.534	0.031	-0.751	0.092	
OGLE-SMC-RRLYR-4646	0.709	0.057	0.763	0.021	1.729	0.044	6490	110	0.011	0.089	0.51	0.10	0.517	0.029	-0.795	0.082	
OGLE-SMC-RRLYR-4656	0.622	0.059	0.720	0.022	1.681	0.044	6640	110	0.141	0.091	0.62	0.10	0.487	0.030	-0.614	0.086	
OGLE-SMC-RRLYR-4657	0.658	0.059	0.716	0.022	1.632	0.043	6470	110	0.245	0.090	0.75	0.10	0.523	0.030	-0.573	0.086	
OGLE-SMC-RRLYR-4666	0.660	0.054	0.752	0.020	1.740	0.043	6610	110	-0.015	0.088	0.484	0.099	0.496	0.030	-0.786	0.082	
OGLE-SMC-RRLYR-4678	0.708	0.065	0.761	0.023	1.725	0.044	6490	110	0.017	0.091	0.55	0.10	0.523	0.031	-0.785	0.088	
OGLE-SMC-RRLYR-4681	0.707	0.054	0.761	0.020	1.687	0.042	6360	110	0.090	0.088	0.64	0.10	0.552	0.030	-0.768	0.081	
OGLE-SMC-RRLYR-4694	0.636	0.062	0.726	0.022	1.701	0.044	6630	110	0.067	0.092	0.57	0.10	0.491	0.030	-0.690	0.088	
OGLE-SMC-RRLYR-4705	0.563	0.053	0.743	0.021	1.632	0.044	6300	110	0.175	0.092	0.73	0.10	0.566	0.030	-0.714	0.082	
OGLE-SMC-RRLYR-4714	0.674	0.062	0.739	0.022	1.720	0.044	6620	110	0.049	0.091	0.53	0.10	0.491	0.031	-0.715	0.089	
OGLE-SMC-RRLYR-4721	0.597	0.053	0.705	0.020	1.602	0.042	6450	110	0.226	0.089	0.79	0.10	0.544	0.030	-0.609	0.081	
OGLE-SMC-RRLYR-4755	0.714	0.056	0.771	0.022	1.706	0.043	6370	110	0.053	0.091	0.59	0.10	0.546	0.030	-0.793	0.085	
OGLE-SMC-RRLYR-4757	0.703	0.059	0.784	0.022	1.772	0.043	6480	110	-0.111	0.091	0.42	0.10	0.524	0.031	-0.924	0.090	
OGLE-SMC-RRLYR-4758	0.700	0.052	0.770	0.020	1.675	0.043	6280	100	0.101	0.088	0.66	0.10	0.571	0.029	-0.784	0.079	
OGLE-SMC-RRLYR-4760	0.576	0.060	0.711	0.021	1.683	0.044	6720	110	0.113	0.090	0.60	0.10	0.474	0.029	-0.617	0.083	
OGLE-SMC-RRLYR-4761	0.572	0.052	0.715	0.020	1.673	0.043	6650	100	0.116	0.089	0.61	0.10	0.490	0.029	-0.643	0.081	
OGLE-SMC-RRLYR-4774	0.697	0.057	0.765	0.022	1.701	0.045	6390	110	0.065	0.092	0.59	0.10	0.537	0.031	-0.775	0.085	
OGLE-SMC-RRLYR-4775	0.598	0.065	0.723	0.023	1.683	0.045	6610	110	0.109	0.092	0.61	0.10	0.494	0.030	-0.659	0.089	
OGLE-SMC-RRLYR-4778	0.705	0.056	0.803	0.021	1.785	0.043	6390	110	-0.156	0.089	0.38	0.10	0.536	0.030	-0.987	0.083	
OGLE-SMC-RRLYR-4787	0.673	0.064	0.756	0.024	1.727	0.044	6540	120	0.013	0.093	0.53	0.10	0.513	0.032	-0.781	0.095	
OGLE-SMC-RRLYR-4797	0.637	0.061	0.743	0.023	1.682	0.045	6460	110	0.080	0.094	0.61	0.10	0.531	0.030	-0.744	0.091	
OGLE-SMC-RRLYR-4804	0.660	0.063	0.747	0.024	1.719	0.045	6560	120	0.025	0.094	0.52	0.10	0.504	0.031	-0.762	0.096	
OGLE-SMC-RRLYR-4817	0.696	0.058	0.767	0.022	1.671	0.043	6240	120	0.079	0.090	0.67	0.10	0.586	0.031	-0.831	0.087	
OGLE-SMC-RRLYR-4835	0.728	0.058	0.794	0.022	1.732	0.045	6250	110	-0.063	0.092	0.52	0.10	0.577	0.029	-0.954	0.086	
OGLE-SMC-RRLYR-4845	0.625	0.065	0.736	0.023	1.663	0.045	6440	110	0.111	0.092	0.67	0.10	0.538	0.030	-0.701	0.089	
OGLE-SMC-RRLYR-4853	0.747	0.062	0.760	0.022	1.685	0.045	6350	110	0.096	0.092	0.63	0.10	0.555	0.030	-0.767	0.086	
OGLE-SMC-RRLYR-4865	0.675	0.054	0.749	0.021	1.675	0.043	6410	100	0.126	0.090	0.66	0.10	0.541	0.029	-0.707	0.083	
OGLE-SMC-RRLYR-4899	0.702	0.056	0.764	0.022	1.697	0.044	6390	110	0.072	0.092	0.61	0.10	0.543	0.029	-0.762	0.085	
OGLE-SMC-RRLYR-4904	0.557	0.054	0.708	0.021	1.664	0.044	6650	110	0.111	0.091	0.61	0.10	0.481	0.030	-0.633	0.082	
OGLE-SMC-RRLYR-4908	0.654	0.055	0.751	0.021	1.663	0.044	6360	110	0.129	0.091	0.67	0.10	0.553	0.029	-0.725	0.083	
OGLE-SMC-RRLYR-4910	0.709	0.056	0.777	0.020	1.728	0.042	6380	110	-0.036	0.088	0.526	0.099	0.548	0.029	-0.879	0.082	
OGLE-SMC-RRLYR-4917	0.711	0.057	0.759	0.021	1.704	0.043	6400	110	0.045	0.091	0.58	0.10	0.535	0.029	-0.790	0.084	
OGLE-SMC-RRLYR-4933	0.642	0.059	0.726	0.021	1.712	0.043	6700	110	0.064	0.089	0.54	0.10	0.473	0.031	-0.675	0.084	
OGLE-SMC-RRLYR-4936	0.718	0.053	0.769	0.020	1.688	0.043	6300	100	0.083	0.089	0.63	0.10	0.562	0.029	-0.792	0.080	
OGLE-SMC-RRLYR-4944	0.740	0.061	0.766	0.022	1.694	0.044	6330	110	0.043	0.092	0.61	0.10	0.563	0.030	-0.834	0.088	
OGLE-SMC-RRLYR-4958	0.666	0.057	0.761	0.021	1.768	0.043	6640	110	-0.076	0.089	0.41	0.10	0.486	0.030	-0.835	0.084	
OGLE-SMC-RRLYR-4963	0.577	0.055	0.713	0.020	1.660	0.042	6620	110	0.146	0.088	0.651	0.099	0.493	0.030	-0.618	0.082	
OGLE-SMC-RRLYR-4966	0.562	0.061	0.711	0.022	1.664	0.044	6620	110	0.120	0.091	0.63	0.10	0.493	0.030	-0.637	0.086	
OGLE-SMC-RRLYR-4968	0.689	0.056	0.795	0.021	1.804	0.042	6530	110	-0.189	0.090	0.335	0.099	0.518	0.030	-0.991	0.087	
OGLE-SMC-RRLYR-4975	0.626	0.060	0.724	0.022	1.689	0.044	6620	110	0.102	0.091	0.59	0.10	0.491	0.030	-0.664	0.088	
OGLE-SMC-RRLYR-4977	0.660	0.057	0.761	0.021	1.736	0.043	6530	110	-0.002	0.090	0.50	0.10	0.508	0.030	-0.793	0.085	
OGLE-SMC-RRLYR-4981	0.583	0.055	0.673	0.021	1.575	0.043	6580	100	0.371	0.090	0.87	0.10	0.505	0.029	-0.414	0.082	
OGLE-SMC-RRLYR-4999	0.653	0.065	0.732	0.022	1.692	0.046	6580	110	0.101	0.094	0.60	0.11	0.502	0.029	-0.683	0.087	
OGLE-SMC-RRLYR-5014	0.610	0.063	0.714	0.023	1.704	0.044	6750	120	0.100	0.091	0.55	0.10	0.458	0.031	-0.612	0.091	
OGLE-SMC-RRLYR-5015	0.672	0.055	0.738	0.021	1.699	0.042	6570	110	0.080	0.088	0.600	0.099	0.507	0.029	-0.707	0.082	
OGLE-SMC-RRLYR-5022	0.671	0.056	0.752	0.021	1.710	0.043	6500	110	0.059	0.089	0.586	0.099	0.518	0.029	-0.748	0.083	
OGLE-SMC-RRLYR-5028	0.636	0.062	0.735	0.022	1.678	0.044	6500	110	0.087	0.091	0.62	0.10	0.523	0.029	-0.715	0.087	
OGLE-SMC-RRLYR-5031	0.654	0.053	0.750	0.021	1.636	0.043	6260	100	0.170	0.090	0.75	0.10	0.584	0.028	-0.729	0.081	
OGLE-SMC-RRLYR-5051	0.662	0.065	0.766	0.025	1.755	0.047	6540	120	-0.048	0.098	0.45	0.11	0.504	0.032	-0.841	0.097	
OGLE-SMC-RRLYR-5052	0.694	0.061	0.753	0.022	1.701	0.043	6460	110	0.063	0.091	0.59	0.10	0.529	0.030	-0.764	0.089	
OGLE-SMC-RRLYR-5059	0.699	0.059	0.753	0.022	1.704	0.044	6470	110	0.068	0.092	0.59	0.10	0.525	0.030	-0.745	0.087	
OGLE-SMC-RRLYR-5085	0.691	0.055	0.762	0.021	1.708	0.043	6430	110	0.036	0.089	0.57	0.10	0.538	0.030	-0.785	0.083	
OGLE-SMC-RRLYR-5087	0.635	0.059	0.743	0.022	1.678	0.043	6440	120	0.083	0.089	0.62	0.10	0.530	0.031	-0.740	0.086	
OGLE-SMC-RRLYR-5094	0.703	0.055	0.755	0.021	1.698	0.043	6430	110	0.083	0.089	0.61	0.10	0.532	0.029	-0.743	0.082	
OGLE-SMC-RRLYR-5095	0.701	0.054	0.744	0.020	1.685	0.042	6460	100	0.084	0.088	0.632	0.099	0.534	0.029	-0.746	0.080	
OGLE-SMC-RRLYR-5116	0.679	0.058	0.748	0.021	1.712	0.044	6510	110	0.044	0.091	0.57	0.10	0.513	0.030	-0.748	0.085	
OGLE-SMC-RRLYR-5122	0.684	0.059	0.774	0.021	1.777	0.043	6580	110	-0.117	0.090	0.39	0.10	0.504	0.030	-0.895	0.087	
OGLE-SMC-RRLYR-5128	0.713	0.053	0.779	0.021	1.740	0.043	6380	100	-0.035	0.089	0.50	0.10	0.537	0.029	-0.879	0.081	
OGLE-SMC-RRLYR-5135	0.661	0.060	0.766	0.023	1.770	0.043	6610	110	-0.085	0.092	0.41	0.10	0.495	0.031	-0.855	0.092	
OGLE-SMC-RRLYR-5165	0.650	0.053	0.777	0.020	1.707	0.044	6330	100	0.022	0.089	0.56	0.10	0.555	0.029	-0.840	0.080	
OGLE-SMC-RRLYR-5179	0.703	0.060	0.745	0.021	1.700	0.044	6500	110	0.075	0.091	0.61	0.10	0.523	0.029	-0.731	0.085	
OGLE-SMC-RRLYR-5184	0.579	0.061	0.704	0.022	1.676	0.043	6740	110	0.137	0.089	0.618	0.099	0.468	0.031	-0.584	0.086	
OGLE-SMC-RRLYR-5185	0.621	0.055	0.779	0.021	1.796	0.043	6600	110	-0.171	0.090	0.31	0.10	0.494	0.030	-0.936	0.085	
OGLE-SMC-RRLYR-5198	0.600	0.066	0.704	0.023	1.609	0.046	6490	110	0.250	0.095	0.78	0.11	0.526	0.029	-0.567	0.092	
OGLE-SMC-RRLYR-5248	0.745	0.055	0.770	0.020	1.762	0.044	6550	100	-0.046	0.089	0.45	0.10	0.508	0.029	-0.842	0.082	
OGLE-SMC-RRLYR-5256	0.709	0.067	0.787	0.025	1.725	0.046	6290	120	-0.061	0.098	0.52	0.10	0.574	0.032	-0.94	0.10	
OGLE-SMC-RRLYR-5305	0.619	0.061	0.731	0.022	1.709	0.043	6650	110	0.064	0.090	0.55	0.10	0.484	0.031	-0.688	0.089	
OGLE-SMC-RRLYR-5309	0.699	0.060	0.757	0.022	1.750	0.043	6610	110	-0.031	0.092	0.48	0.10	0.500	0.030	-0.805	0.089	
OGLE-SMC-RRLYR-5328	0.679	0.054	0.757	0.021	1.680	0.043	6350	110	0.076	0.090	0.63	0.10	0.552	0.030	-0.776	0.082	
OGLE-SMC-RRLYR-5335	0.665	0.057	0.750	0.021	1.749	0.043	6650	110	-0.027	0.090	0.46	0.10	0.486	0.030	-0.786	0.085	
OGLE-SMC-RRLYR-5347	0.667	0.061	0.773	0.023	1.767	0.044	6540	110	-0.100	0.092	0.39	0.10	0.508	0.031	-0.889	0.091	
OGLE-SMC-RRLYR-5361	0.635	0.058	0.725	0.021	1.687	0.044	6630	110	0.103	0.090	0.61	0.10	0.496	0.030	-0.666	0.083	
OGLE-SMC-RRLYR-5367	0.633	0.058	0.777	0.022	1.765	0.043	6510	110	-0.120	0.091	0.40	0.10	0.517	0.030	-0.920	0.087	
OGLE-SMC-RRLYR-5374	0.588	0.056	0.725	0.021	1.730	0.043	6780	110	0.018	0.090	0.48	0.10	0.457	0.030	-0.691	0.085	
OGLE-SMC-RRLYR-5382	0.711	0.056	0.768	0.022	1.692	0.043	6320	110	0.067	0.090	0.63	0.10	0.557	0.030	-0.787	0.084	
OGLE-SMC-RRLYR-5394	0.545	0.054	0.692	0.021	1.620	0.045	6620	110	0.188	0.094	0.69	0.11	0.491	0.030	-0.570	0.083	
OGLE-SMC-RRLYR-5413	0.692	0.054	0.742	0.021	1.672	0.043	6430	110	0.144	0.090	0.66	0.10	0.531	0.029	-0.678	0.082	
OGLE-SMC-RRLYR-5423	0.679	0.055	0.817	0.021	1.782	0.045	6290	110	-0.170	0.092	0.39	0.10	0.563	0.030	-1.043	0.084	
OGLE-SMC-RRLYR-5439	0.597	0.059	0.726	0.022	1.698	0.044	6640	110	0.076	0.091	0.56	0.10	0.486	0.030	-0.684	0.087	
OGLE-SMC-RRLYR-5442	0.616	0.057	0.742	0.021	1.699	0.042	6540	110	0.065	0.089	0.579	0.099	0.507	0.029	-0.716	0.082	
OGLE-SMC-RRLYR-5443	0.646	0.057	0.726	0.022	1.702	0.043	6670	110	0.105	0.090	0.59	0.10	0.480	0.030	-0.644	0.084	
OGLE-SMC-RRLYR-5459	0.611	0.063	0.741	0.023	1.743	0.043	6700	120	-0.022	0.090	0.45	0.10	0.473	0.033	-0.758	0.090	
OGLE-SMC-RRLYR-5460	0.613	0.064	0.733	0.023	1.701	0.046	6610	110	0.060	0.094	0.56	0.10	0.496	0.030	-0.707	0.091	
OGLE-SMC-RRLYR-5467	0.627	0.054	0.729	0.020	1.576	0.043	6220	110	0.277	0.089	0.87	0.10	0.598	0.031	-0.644	0.081	
OGLE-SMC-RRLYR-5469	0.633	0.054	0.747	0.021	1.653	0.042	6340	110	0.135	0.088	0.686	0.099	0.557	0.030	-0.725	0.081	
OGLE-SMC-RRLYR-5510	0.675	0.058	0.732	0.021	1.669	0.043	6470	110	0.137	0.091	0.67	0.10	0.530	0.030	-0.687	0.085	
OGLE-SMC-RRLYR-5523	0.672	0.059	0.751	0.023	1.713	0.045	6520	110	0.052	0.092	0.56	0.10	0.513	0.029	-0.741	0.088	
OGLE-SMC-RRLYR-5532	0.617	0.059	0.716	0.022	1.662	0.045	6580	120	0.176	0.092	0.67	0.10	0.498	0.031	-0.600	0.087	
OGLE-SMC-RRLYR-5562	0.686	0.061	0.770	0.022	1.790	0.043	6600	110	-0.106	0.092	0.38	0.10	0.493	0.030	-0.877	0.090	
OGLE-SMC-RRLYR-5570	0.674	0.062	0.751	0.023	1.700	0.045	6450	110	0.067	0.093	0.59	0.10	0.528	0.029	-0.754	0.087	
OGLE-SMC-RRLYR-5594	0.689	0.056	0.790	0.021	1.813	0.044	6600	110	-0.196	0.091	0.31	0.10	0.503	0.030	-0.977	0.086	
OGLE-SMC-RRLYR-5596	0.594	0.065	0.715	0.022	1.635	0.046	6510	110	0.183	0.094	0.71	0.10	0.522	0.029	-0.624	0.089	
OGLE-SMC-RRLYR-5600	0.658	0.066	0.732	0.024	1.672	0.046	6500	110	0.138	0.094	0.64	0.10	0.518	0.031	-0.667	0.092	
OGLE-SMC-RRLYR-5607	0.730	0.073	0.793	0.025	1.797	0.048	6500	120	-0.17	0.10	0.33	0.11	0.518	0.032	-0.97	0.10	
OGLE-SMC-RRLYR-5615	0.666	0.060	0.771	0.022	1.777	0.043	6610	110	-0.108	0.090	0.39	0.10	0.499	0.031	-0.881	0.087	
OGLE-SMC-RRLYR-5616	0.628	0.061	0.732	0.022	1.690	0.044	6560	110	0.062	0.091	0.59	0.10	0.508	0.030	-0.719	0.086	
OGLE-SMC-RRLYR-5646	0.684	0.054	0.794	0.021	1.763	0.044	6370	110	-0.109	0.091	0.42	0.10	0.541	0.030	-0.953	0.084	
OGLE-SMC-RRLYR-5668	0.722	0.059	0.806	0.024	1.780	0.045	6350	110	-0.137	0.094	0.41	0.10	0.552	0.031	-1.001	0.093	
OGLE-SMC-RRLYR-5671	0.608	0.058	0.723	0.022	1.704	0.046	6710	110	0.114	0.095	0.57	0.11	0.458	0.031	-0.603	0.087	
OGLE-SMC-RRLYR-5694	0.750	0.059	0.772	0.022	1.696	0.043	6300	110	0.044	0.092	0.62	0.10	0.565	0.030	-0.825	0.088	
OGLE-SMC-RRLYR-5701	0.733	0.058	0.783	0.022	1.723	0.043	6310	110	0.005	0.092	0.55	0.10	0.557	0.030	-0.870	0.089	
OGLE-SMC-RRLYR-5703	0.765	0.063	0.773	0.022	1.722	0.046	6380	110	0.023	0.093	0.55	0.10	0.546	0.029	-0.838	0.087	
OGLE-SMC-RRLYR-5712	0.700	0.065	0.753	0.024	1.665	0.046	6320	120	0.136	0.093	0.67	0.10	0.554	0.032	-0.736	0.092	
OGLE-SMC-RRLYR-5715	0.619	0.058	0.744	0.021	1.719	0.043	6600	110	0.004	0.090	0.51	0.10	0.500	0.030	-0.771	0.085	
OGLE-SMC-RRLYR-5727	0.750	0.068	0.796	0.026	1.753	0.047	6330	120	-0.050	0.099	0.49	0.10	0.552	0.033	-0.91	0.10	
OGLE-SMC-RRLYR-5736	0.664	0.072	0.742	0.024	1.701	0.047	6520	110	0.046	0.097	0.57	0.10	0.519	0.031	-0.747	0.097	
OGLE-SMC-RRLYR-5755	0.684	0.057	0.748	0.021	1.744	0.043	6650	110	-0.009	0.089	0.49	0.10	0.488	0.030	-0.766	0.084	
OGLE-SMC-RRLYR-5758	0.614	0.059	0.721	0.021	1.678	0.043	6620	110	0.147	0.090	0.64	0.10	0.490	0.030	-0.611	0.084	
OGLE-SMC-RRLYR-5780	0.536	0.055	0.738	0.021	1.718	0.043	6640	120	-0.009	0.089	0.49	0.10	0.483	0.034	-0.767	0.083	
OGLE-SMC-RRLYR-5785	0.584	0.070	0.704	0.024	1.642	0.048	6610	110	0.193	0.095	0.69	0.11	0.498	0.031	-0.579	0.092	
OGLE-SMC-RRLYR-5794	0.586	0.058	0.711	0.021	1.648	0.043	6560	110	0.173	0.090	0.69	0.10	0.507	0.031	-0.616	0.086	
OGLE-SMC-RRLYR-5804	0.695	0.058	0.795	0.021	1.759	0.045	6370	110	-0.127	0.092	0.44	0.10	0.558	0.029	-0.988	0.084	
OGLE-SMC-RRLYR-5816	0.570	0.062	0.730	0.023	1.711	0.043	6680	110	0.050	0.090	0.53	0.10	0.477	0.031	-0.685	0.088	
OGLE-SMC-RRLYR-5848	0.674	0.063	0.743	0.022	1.719	0.044	6610	110	0.045	0.091	0.55	0.10	0.499	0.030	-0.728	0.086	
OGLE-SMC-RRLYR-5891	0.649	0.056	0.767	0.021	1.763	0.042	6590	110	-0.090	0.089	0.425	0.099	0.504	0.030	-0.874	0.084	
OGLE-SMC-RRLYR-5905	0.637	0.058	0.752	0.022	1.656	0.045	6280	110	0.108	0.093	0.67	0.10	0.566	0.030	-0.782	0.087	
OGLE-SMC-RRLYR-5938	0.751	0.060	0.769	0.022	1.745	0.044	6490	110	0.001	0.091	0.51	0.10	0.519	0.030	-0.811	0.087	
OGLE-SMC-RRLYR-6080	0.673	0.061	0.745	0.023	1.684	0.045	6450	110	0.110	0.091	0.62	0.10	0.526	0.030	-0.709	0.086	
OGLE-SMC-RRLYR-6083	0.647	0.062	0.747	0.021	1.764	0.047	6730	120	-0.046	0.095	0.42	0.11	0.464	0.033	-0.776	0.085	
OGLE-SMC-RRLYR-6091	0.676	0.066	0.739	0.024	1.688	0.047	6500	120	0.100	0.098	0.60	0.11	0.509	0.031	-0.705	0.095	
OGLE-SMC-RRLYR-6256	0.658	0.059	0.754	0.023	1.670	0.046	6330	110	0.120	0.095	0.67	0.11	0.555	0.029	-0.751	0.088	
OGLE-SMC-RRLYR-6292	0.557	0.057	0.716	0.022	1.599	0.044	6350	110	0.219	0.090	0.79	0.10	0.558	0.029	-0.643	0.085	
OGLE-SMC-RRLYR-6298	0.585	0.052	0.703	0.020	1.610	0.043	6510	100	0.200	0.089	0.73	0.10	0.520	0.029	-0.600	0.079	
OGLE-SMC-RRLYR-6355	0.716	0.060	0.761	0.021	1.718	0.043	6450	110	0.025	0.090	0.56	0.10	0.532	0.030	-0.803	0.085	
